FILENAME	CHUNK_COUNTER	CHUNK	ALIGNNMENT_ID
afr-x-bible-1953.txt	1	En	1
afr-x-bible-1953.txt	2	terwyl	1
afr-x-bible-1983.txt	1	Terwyl	1
afr-x-bible-boodskap.txt	1	Terwyl	1
afr-x-bible-lewende.txt	1	Nadat	1
afr-x-bible-lewende.txt	5	Jesus	1
afr-x-bible-viralmal.txt	1	Jesus	1
dan-x-bible-1931.txt	1	Men	1
dan-x-bible-1931.txt	2	medens	1
dan-x-bible-frederik.txt	1	Men	1
dan-x-bible-frederik.txt	2	der	1
dan-x-bible-hverdagsdansk.txt	1	Mens	1
deu-x-bible-albrecht.txt	1	Als	1
deu-x-bible-elberfelder1871.txt	1	Während	1
deu-x-bible-elberfelder1905.txt	1	Während	1
deu-x-bible-erben.txt	1	Da	1
deu-x-bible-freebible.txt	1	Während	1
deu-x-bible-genfer2011.txt	1	Jesus	1
deu-x-bible-genfer2011.txt	8	Weil	1
deu-x-bible-greber.txt	1	Da	1
deu-x-bible-gruenewalder.txt	1	Und	1
deu-x-bible-hoffnung.txt	1	Die	1
deu-x-bible-interlinear.txt	2	aber	1
deu-x-bible-konkordant.txt	1	Als	1
deu-x-bible-luther1545.txt	1	Da	1
deu-x-bible-luther1545letztehand.txt	1	DA	1
deu-x-bible-luther1912.txt	1	Da	1
deu-x-bible-meister.txt	1	Während	1
deu-x-bible-menge.txt	1	Als	1
deu-x-bible-neue.txt	1	Weil	1
deu-x-bible-pattloch.txt	1	Während	1
deu-x-bible-reinhardt1910.txt	1	Als	1
deu-x-bible-schlachter.txt	1	Als	1
deu-x-bible-schlachter2000.txt	1	Als	1
deu-x-bible-tafelbibel.txt	1	Da	1
deu-x-bible-textbibel.txt	1	Da	1
deu-x-bible-volxbibel.txt	1	Jesus	1
deu-x-bible-volxbibel.txt	2	hatte	1
deu-x-bible-zuercher.txt	1	ALS	1
eng-x-bible-amplified.txt	1	Now	1
eng-x-bible-amplified.txt	2	as	1
eng-x-bible-clontz.txt	1	As	1
eng-x-bible-common.txt	1	As	1
eng-x-bible-contemporary.txt	1	The	1
eng-x-bible-darby.txt	1	But	1
eng-x-bible-darby.txt	2	as	1
eng-x-bible-diaglot.txt	1	Hearing	1
eng-x-bible-diaglot.txt	2	and	1
eng-x-bible-easytoread.txt	1	As	1
eng-x-bible-etheridge.txt	1	And	1
eng-x-bible-etheridge.txt	2	when	1
eng-x-bible-godsword.txt	1	Jesus	1
eng-x-bible-godsword.txt	2	was	1
eng-x-bible-goodnews.txt	1	While	1
eng-x-bible-internationalstandard.txt	1	As	1
eng-x-bible-kingjames.txt	1	And	1
eng-x-bible-kingjames.txt	2	as	1
eng-x-bible-lexham.txt	1	Now	1
eng-x-bible-lexham.txt	2	while	1
eng-x-bible-literal.txt	1	But	1
eng-x-bible-literal.txt	2	as	1
eng-x-bible-livingoracles.txt	1	As	1
eng-x-bible-majority.txt	1	Now	1
eng-x-bible-majority.txt	2	as	1
eng-x-bible-montgomery.txt	1	As	1
eng-x-bible-new2007.txt	1	While	1
eng-x-bible-newcentury.txt	1	As	1
eng-x-bible-newinternational.txt	1	While	1
eng-x-bible-newliving.txt	1	The	1
eng-x-bible-newliving.txt	3	was	1
eng-x-bible-newreaders.txt	1	While	1
eng-x-bible-scriptures.txt	1	And	1
eng-x-bible-scriptures.txt	2	as	1
eng-x-bible-treeoflife.txt	1	As	1
eng-x-bible-worldwide.txt	1	While	1
isl-x-bible-isl.txt	1	Meðan	1
nds-x-bible-nds.txt	1	Oba	1
nds-x-bible-nds.txt	2	aus	1
nld-x-bible-1951.txt	1	Toen	1
nld-x-bible-2004.txt	1	Aan	1
nld-x-bible-2004.txt	4	die	1
nld-x-bible-2007.txt	1	Omdat	1
nld-x-bible-statenvertaling.txt	1	En	1
nld-x-bible-statenvertaling.txt	2	als	1
nno-x-bible-2011.txt	1	Medan	1
nob-x-bible-1985.txt	1	Mens	1
nob-x-bible-1988.txt	2	som	1
nob-x-bible-1988.txt	13	Etter	1
nob-x-bible-2007.txt	1	Mens	1
nob-x-bible-2011.txt	1	Mens	1
nor-x-bible-1930.txt	1	Mens	1
nor-x-bible-student.txt	1	Med	1
swe-x-bible-b2000.txt	1	För	1
swe-x-bible-b2000.txt	3	som	1
swe-x-bible-folk1998.txt	1	När	1
swe-x-bible-nyalevande.txt	2	som	1
swg-x-bible-swg.txt	1	Als	1
afr-x-bible-1953.txt	10	Hy	2
afr-x-bible-1983.txt	5	Jesus	2
afr-x-bible-1983.txt	10	Hy	2
afr-x-bible-boodskap.txt	5	Jesus	2
afr-x-bible-boodskap.txt	11	Hy	2
afr-x-bible-lewende.txt	10	Jesus	2
afr-x-bible-viralmal.txt	15	Hy	2
dan-x-bible-1931.txt	9	han	2
dan-x-bible-frederik.txt	9	han	2
dan-x-bible-hverdagsdansk.txt	8	Jesus	2
deu-x-bible-albrecht.txt	11	er	2
deu-x-bible-elberfelder1871.txt	8	er	2
deu-x-bible-elberfelder1905.txt	8	er	2
deu-x-bible-erben.txt	8	er	2
deu-x-bible-freebible.txt	8	er	2
deu-x-bible-genfer2011.txt	9	er	2
deu-x-bible-greber.txt	9	er	2
deu-x-bible-greber.txt	14	Und	2
deu-x-bible-gruenewalder.txt	6	er	2
deu-x-bible-hoffnung.txt	4	Jesus	2
deu-x-bible-interlinear.txt	8	er	2
deu-x-bible-konkordant.txt	7	Er	2
deu-x-bible-luther1545.txt	7	er	2
deu-x-bible-luther1545letztehand.txt	7	er	2
deu-x-bible-luther1912.txt	7	er	2
deu-x-bible-meister.txt	8	Er	2
deu-x-bible-menge.txt	7	er	2
deu-x-bible-neue.txt	2	Jesus	2
deu-x-bible-pattloch.txt	8	er	2
deu-x-bible-reinhardt1910.txt	8	er	2
deu-x-bible-schlachter.txt	8	er	2
deu-x-bible-schlachter2000.txt	8	er	2
deu-x-bible-tafelbibel.txt	8	Er	2
deu-x-bible-tafelbibel.txt	11	Er	2
deu-x-bible-textbibel.txt	8	er	2
deu-x-bible-zuercher.txt	8	er	2
eng-x-bible-amplified.txt	10	He	2
eng-x-bible-clontz.txt	7	he	2
eng-x-bible-common.txt	7	Jesus	2
eng-x-bible-contemporary.txt	7	Jesus	2
eng-x-bible-contemporary.txt	9	he	2
eng-x-bible-darby.txt	10	he	2
eng-x-bible-diaglot.txt	8	he	2
eng-x-bible-easytoread.txt	7	he	2
eng-x-bible-easytoread.txt	11	Jesus	2
eng-x-bible-etheridge.txt	9	he	2
eng-x-bible-goodnews.txt	9	Jesus	2
eng-x-bible-internationalstandard.txt	8	Jesus	2
eng-x-bible-kingjames.txt	8	he	2
eng-x-bible-lexham.txt	10	he	2
eng-x-bible-literal.txt	9	He	2
eng-x-bible-livingoracles.txt	7	he	2
eng-x-bible-majority.txt	8	He	2
eng-x-bible-montgomery.txt	8	he	2
eng-x-bible-new2007.txt	10	Jesus	2
eng-x-bible-newcentury.txt	9	Jesus	2
eng-x-bible-newinternational.txt	8	he	2
eng-x-bible-newliving.txt	7	Jesus	2
eng-x-bible-newliving.txt	12	he	2
eng-x-bible-newreaders.txt	10	Jesus	2
eng-x-bible-scriptures.txt	8	He	2
eng-x-bible-treeoflife.txt	8	Yeshua	2
eng-x-bible-worldwide.txt	8	he	2
isl-x-bible-isl.txt	7	hann	2
nds-x-bible-nds.txt	8	hee	2
nld-x-bible-1951.txt	7	Hij	2
nld-x-bible-2004.txt	10	hij	2
nld-x-bible-2007.txt	2	Jezus	2
nld-x-bible-statenvertaling.txt	8	Hij	2
nno-x-bible-2011.txt	8	Jesus	2
nob-x-bible-1985.txt	8	Jesus	2
nob-x-bible-1988.txt	10	Jesus	2
nob-x-bible-2007.txt	8	han	2
nob-x-bible-2011.txt	10	Jesus	2
nor-x-bible-1930.txt	8	han	2
nor-x-bible-student.txt	8	han	2
swe-x-bible-b2000.txt	7	han	2
swe-x-bible-folk1998.txt	7	Jesus	2
swe-x-bible-nyalevande.txt	10	Jesus	2
swg-x-bible-swg.txt	8	da	2
swg-x-bible-swg.txt	10	er	2
afr-x-bible-1953.txt	21	was	3
afr-x-bible-1983.txt	20	was	3
afr-x-bible-boodskap.txt	19	was	3
afr-x-bible-lewende.txt	24	was	3
afr-x-bible-lewende.txt	29	was	3
afr-x-bible-viralmal.txt	31	was	3
dan-x-bible-1931.txt	17	var	3
dan-x-bible-frederik.txt	18	var	3
dan-x-bible-hverdagsdansk.txt	14	var	3
deu-x-bible-albrecht.txt	21	war	3
deu-x-bible-elberfelder1871.txt	19	war	3
deu-x-bible-elberfelder1905.txt	19	war	3
deu-x-bible-erben.txt	19	war	3
deu-x-bible-freebible.txt	19	war	3
deu-x-bible-genfer2011.txt	14	war	3
deu-x-bible-greber.txt	22	war	3
deu-x-bible-gruenewalder.txt	11	war	3
deu-x-bible-interlinear.txt	15	war	3
deu-x-bible-konkordant.txt	22	war	3
deu-x-bible-luther1545.txt	18	war	3
deu-x-bible-luther1545letztehand.txt	19	war	3
deu-x-bible-luther1912.txt	18	war	3
deu-x-bible-meister.txt	19	war	3
deu-x-bible-menge.txt	21	befand	3
deu-x-bible-pattloch.txt	18	war	3
deu-x-bible-reinhardt1910.txt	22	war	3
deu-x-bible-schlachter.txt	20	war	3
deu-x-bible-schlachter2000.txt	20	war	3
deu-x-bible-tafelbibel.txt	25	war	3
deu-x-bible-textbibel.txt	19	war	3
deu-x-bible-volxbibel.txt	20	waren	3
deu-x-bible-zuercher.txt	20	war	3
eng-x-bible-amplified.txt	19	was	3
eng-x-bible-clontz.txt	17	was	3
eng-x-bible-common.txt	14	was	3
eng-x-bible-contemporary.txt	10	was	3
eng-x-bible-darby.txt	19	was	3
eng-x-bible-easytoread.txt	20	was	3
eng-x-bible-etheridge.txt	18	had	3
eng-x-bible-goodnews.txt	18	was	3
eng-x-bible-internationalstandard.txt	17	was	3
eng-x-bible-kingjames.txt	17	was	3
eng-x-bible-lexham.txt	20	was	3
eng-x-bible-literal.txt	18	was	3
eng-x-bible-livingoracles.txt	14	was	3
eng-x-bible-majority.txt	15	was	3
eng-x-bible-montgomery.txt	15	was	3
eng-x-bible-new2007.txt	19	was	3
eng-x-bible-newcentury.txt	16	was	3
eng-x-bible-newinternational.txt	19	was	3
eng-x-bible-newliving.txt	13	was	3
eng-x-bible-newreaders.txt	17	was	3
eng-x-bible-newsimplified.txt	14	was	3
eng-x-bible-scriptures.txt	15	was	3
eng-x-bible-treeoflife.txt	18	was	3
eng-x-bible-worldwide.txt	21	were	3
isl-x-bible-isl.txt	14	var	3
nds-x-bible-nds.txt	19	wea	3
nld-x-bible-1951.txt	18	was	3
nld-x-bible-2004.txt	21	was	3
nld-x-bible-2007.txt	8	was	3
nld-x-bible-statenvertaling.txt	20	was	3
nno-x-bible-2011.txt	17	var	3
nob-x-bible-1985.txt	15	var	3
nob-x-bible-1988.txt	17	var	3
nob-x-bible-1988.txt	29	var	3
nob-x-bible-2007.txt	16	var	3
nob-x-bible-2011.txt	17	var	3
nor-x-bible-1930.txt	16	var	3
nor-x-bible-student.txt	18	var	3
swe-x-bible-b2000.txt	14	var	3
swe-x-bible-folk1998.txt	14	var	3
swe-x-bible-nyalevande.txt	17	var	3
swg-x-bible-swg.txt	18	war	3
afr-x-bible-1953.txt	28	koninkryk	4
afr-x-bible-1983.txt	26	koninkryk	4
afr-x-bible-boodskap.txt	38	nuwe	4
afr-x-bible-boodskap.txt	39	wêreld	4
afr-x-bible-lewende.txt	37	koningsheerskappy	4
afr-x-bible-viralmal.txt	48	Koning	4
afr-x-bible-viralmal.txt	51	regeer	4
dan-x-bible-1931.txt	28	Rige	4
dan-x-bible-frederik.txt	28	Rige	4
dan-x-bible-hverdagsdansk.txt	31	rige	4
deu-x-bible-albrecht.txt	33	Königreich	4
deu-x-bible-elberfelder1871.txt	27	Reich	4
deu-x-bible-elberfelder1905.txt	27	Reich	4
deu-x-bible-erben.txt	25	Reich	4
deu-x-bible-freebible.txt	27	Reich	4
deu-x-bible-genfer2011.txt	24	Reiches	4
deu-x-bible-greber.txt	32	Geisterwelt	4
deu-x-bible-gruenewalder.txt	26	Reich	4
deu-x-bible-interlinear.txt	27	Reich	4
deu-x-bible-konkordant.txt	31	Königreich	4
deu-x-bible-luther1545.txt	25	Reich	4
deu-x-bible-luther1545letztehand.txt	26	reich	4
deu-x-bible-luther1912.txt	24	Reich	4
deu-x-bible-meister.txt	29	Königsherrschaft	4
deu-x-bible-menge.txt	28	Reich	4
deu-x-bible-neue.txt	19	Reich	4
deu-x-bible-pattloch.txt	24	Reich	4
deu-x-bible-reinhardt1910.txt	30	Gottesherrschaft	4
deu-x-bible-schlachter.txt	26	Reich	4
deu-x-bible-schlachter2000.txt	26	Reich	4
deu-x-bible-tafelbibel.txt	33	Reich	4
deu-x-bible-textbibel.txt	28	Reich	4
deu-x-bible-volxbibel.txt	29	neue	4
deu-x-bible-volxbibel.txt	30	Zeit	4
deu-x-bible-zuercher.txt	26	Reich	4
eng-x-bible-amplified.txt	28	kingdom	4
eng-x-bible-clontz.txt	28	kingdom	4
eng-x-bible-common.txt	21	kingdom	4
eng-x-bible-contemporary.txt	22	kingdom	4
eng-x-bible-darby.txt	28	kingdom	4
eng-x-bible-diaglot.txt	31	kingdom	4
eng-x-bible-easytoread.txt	36	kingdom	4
eng-x-bible-etheridge.txt	35	kingdom	4
eng-x-bible-godsword.txt	14	kingdom	4
eng-x-bible-goodnews.txt	29	Kingdom	4
eng-x-bible-internationalstandard.txt	27	kingdom	4
eng-x-bible-kingjames.txt	28	kingdom	4
eng-x-bible-lexham.txt	28	kingdom	4
eng-x-bible-literal.txt	28	kingdom	4
eng-x-bible-livingoracles.txt	23	Reign	4
eng-x-bible-majority.txt	23	kingdom	4
eng-x-bible-montgomery.txt	23	kingdom	4
eng-x-bible-new2007.txt	30	kingdom	4
eng-x-bible-newcentury.txt	23	kingdom	4
eng-x-bible-newinternational.txt	28	kingdom	4
eng-x-bible-newliving.txt	28	Kingdom	4
eng-x-bible-newreaders.txt	26	kingdom	4
eng-x-bible-newsimplified.txt	11	kingdom	4
eng-x-bible-scriptures.txt	22	reign	4
eng-x-bible-treeoflife.txt	26	kingdom	4
eng-x-bible-worldwide.txt	30	kingdom	4
isl-x-bible-isl.txt	26	ríki	4
nds-x-bible-nds.txt	26	Ritj	4
nld-x-bible-1951.txt	25	Koninkrijk	4
nld-x-bible-2004.txt	27	koninkrijk	4
nld-x-bible-statenvertaling.txt	29	Koninkrijk	4
nno-x-bible-2011.txt	26	rike	4
nob-x-bible-1985.txt	24	rike	4
nob-x-bible-1988.txt	40	regjere	4
nob-x-bible-2007.txt	25	rike	4
nob-x-bible-2011.txt	26	rike	4
nor-x-bible-1930.txt	26	rike	4
nor-x-bible-student.txt	28	rike	4
swe-x-bible-b2000.txt	28	rike	4
swe-x-bible-folk1998.txt	23	rike	4
swe-x-bible-nyalevande.txt	34	regera	4
swg-x-bible-swg.txt	28	Rich	4
afr-x-bible-1953.txt	14	gelykenis	5
afr-x-bible-1983.txt	13	gelykenis	5
afr-x-bible-lewende.txt	16	gelykenis	5
afr-x-bible-viralmal.txt	20	gelykenis	5
dan-x-bible-1931.txt	13	Lignelse	5
dan-x-bible-frederik.txt	14	Lignelse	5
dan-x-bible-hverdagsdansk.txt	10	historie	5
deu-x-bible-albrecht.txt	17	Gleichnis	5
deu-x-bible-elberfelder1871.txt	11	Gleichnis	5
deu-x-bible-elberfelder1905.txt	11	Gleichnis	5
deu-x-bible-erben.txt	11	Gleichnis	5
deu-x-bible-freebible.txt	11	Gleichnis	5
deu-x-bible-genfer2011.txt	5	Gleichnis	5
deu-x-bible-greber.txt	41	folgendes	5
deu-x-bible-greber.txt	42	Gleichnis	5
deu-x-bible-gruenewalder.txt	8	Gleichnis	5
deu-x-bible-hoffnung.txt	30	Gleichnis	5
deu-x-bible-interlinear.txt	10	Gleichnis	5
deu-x-bible-konkordant.txt	12	Gleichnis	5
deu-x-bible-luther1545.txt	10	Gleichnis	5
deu-x-bible-luther1545letztehand.txt	10	Gleichnis	5
deu-x-bible-luther1912.txt	10	Gleichnis	5
deu-x-bible-meister.txt	12	Gleichnis	5
deu-x-bible-menge.txt	10	Gleichnis	5
deu-x-bible-neue.txt	29	folgendes	5
deu-x-bible-neue.txt	30	Gleichnis	5
deu-x-bible-pattloch.txt	10	Gleichnis	5
deu-x-bible-reinhardt1910.txt	14	Gleichnis	5
deu-x-bible-schlachter.txt	13	Gleichnis	5
deu-x-bible-schlachter2000.txt	13	Gleichnis	5
deu-x-bible-tafelbibel.txt	16	Gleichnis	5
deu-x-bible-textbibel.txt	11	Gleichnis	5
deu-x-bible-volxbibel.txt	41	Vergleich	5
deu-x-bible-zuercher.txt	13	Gleichnis	5
eng-x-bible-amplified.txt	15	parable	5
eng-x-bible-clontz.txt	13	parable	5
eng-x-bible-common.txt	11	parable	5
eng-x-bible-darby.txt	15	parable	5
eng-x-bible-diaglot.txt	11	parable	5
eng-x-bible-easytoread.txt	17	story	5
eng-x-bible-etheridge.txt	14	parable	5
eng-x-bible-godsword.txt	31	illustration	5
eng-x-bible-goodnews.txt	15	parable	5
eng-x-bible-internationalstandard.txt	14	parable	5
eng-x-bible-kingjames.txt	13	parable	5
eng-x-bible-lexham.txt	16	parable	5
eng-x-bible-literal.txt	14	parable	5
eng-x-bible-livingoracles.txt	10	parable	5
eng-x-bible-majority.txt	11	parable	5
eng-x-bible-montgomery.txt	11	parable	5
eng-x-bible-new2007.txt	15	parable	5
eng-x-bible-newcentury.txt	13	story	5
eng-x-bible-newinternational.txt	15	parable	5
eng-x-bible-newliving.txt	21	story	5
eng-x-bible-newreaders.txt	14	story	5
eng-x-bible-newsimplified.txt	26	illustration	5
eng-x-bible-scriptures.txt	11	parable	5
eng-x-bible-treeoflife.txt	14	parable	5
eng-x-bible-worldwide.txt	14	story	5
isl-x-bible-isl.txt	9	dæmisögu	5
nds-x-bible-nds.txt	11	Jlitjniss	5
nld-x-bible-1951.txt	10	gelijkenis	5
nld-x-bible-2004.txt	13	gelijkenis	5
nld-x-bible-2007.txt	27	gelijkenis	5
nld-x-bible-statenvertaling.txt	14	gelijkenis	5
nno-x-bible-2011.txt	13	likning	5
nob-x-bible-1985.txt	11	lignelse	5
nob-x-bible-1988.txt	54	bilde	5
nob-x-bible-2007.txt	11	lignelse	5
nob-x-bible-2011.txt	13	lignelse	5
nor-x-bible-1930.txt	11	lignelse	5
nor-x-bible-student.txt	13	likning	5
swe-x-bible-b2000.txt	10	liknelse	5
swe-x-bible-folk1998.txt	10	liknelse	5
swg-x-bible-swg.txt	14	Glichnis	5
afr-x-bible-1953.txt	7	luister	6
afr-x-bible-1983.txt	6	geluister	6
afr-x-bible-lewende.txt	6	geluister	6
afr-x-bible-viralmal.txt	12	geluister	6
dan-x-bible-1931.txt	4	hørte	6
dan-x-bible-frederik.txt	4	hørte	6
dan-x-bible-hverdagsdansk.txt	5	lyttede	6
deu-x-bible-albrecht.txt	7	Worte	6
deu-x-bible-elberfelder1871.txt	5	hörten	6
deu-x-bible-elberfelder1905.txt	5	hörten	6
deu-x-bible-erben.txt	5	hörten	6
deu-x-bible-freebible.txt	5	hörten	6
deu-x-bible-greber.txt	4	Worten	6
deu-x-bible-hoffnung.txt	3	hörten	6
deu-x-bible-hoffnung.txt	5	aufmerksam	6
deu-x-bible-interlinear.txt	1	Hörten	6
deu-x-bible-konkordant.txt	4	hörten	6
deu-x-bible-luther1545.txt	4	zuhöreten	6
deu-x-bible-luther1545letztehand.txt	4	zuhöreten	6
deu-x-bible-luther1912.txt	4	zuhörten	6
deu-x-bible-meister.txt	5	hörten	6
deu-x-bible-menge.txt	4	hörten	6
deu-x-bible-neue.txt	15	zuhörten	6
deu-x-bible-pattloch.txt	5	lauschten	6
deu-x-bible-reinhardt1910.txt	5	hörten	6
deu-x-bible-schlachter.txt	5	hörten	6
deu-x-bible-schlachter2000.txt	5	hörten	6
deu-x-bible-tafelbibel.txt	5	hörten	6
deu-x-bible-textbibel.txt	5	hörten	6
deu-x-bible-zuercher.txt	5	hörten	6
eng-x-bible-amplified.txt	5	listening	6
eng-x-bible-clontz.txt	3	heard	6
eng-x-bible-common.txt	3	listened	6
eng-x-bible-contemporary.txt	5	listening	6
eng-x-bible-darby.txt	5	listening	6
eng-x-bible-easytoread.txt	4	listened	6
eng-x-bible-etheridge.txt	5	heard	6
eng-x-bible-goodnews.txt	5	listening	6
eng-x-bible-internationalstandard.txt	4	listening	6
eng-x-bible-kingjames.txt	4	heard	6
eng-x-bible-lexham.txt	5	listening	6
eng-x-bible-literal.txt	5	hearing	6
eng-x-bible-majority.txt	4	heard	6
eng-x-bible-montgomery.txt	4	listening	6
eng-x-bible-new2007.txt	5	listening	6
eng-x-bible-newcentury.txt	5	listening	6
eng-x-bible-newinternational.txt	4	listening	6
eng-x-bible-newliving.txt	4	listening	6
eng-x-bible-newreaders.txt	5	listening	6
eng-x-bible-scriptures.txt	5	hearing	6
eng-x-bible-treeoflife.txt	4	listening	6
eng-x-bible-worldwide.txt	4	listening	6
isl-x-bible-isl.txt	3	hlýddu	6
nds-x-bible-nds.txt	5	heade	6
nld-x-bible-1951.txt	4	luisterden	6
nld-x-bible-2004.txt	7	luisteren	6
nld-x-bible-statenvertaling.txt	5	hoorden	6
nno-x-bible-2011.txt	3	høyrde	6
nob-x-bible-1985.txt	4	hørte	6
nob-x-bible-1988.txt	6	lyttet	6
nob-x-bible-2007.txt	3	hørte	6
nob-x-bible-2011.txt	5	hørte	6
nor-x-bible-1930.txt	3	hørte	6
nor-x-bible-student.txt	3	lydde	6
swe-x-bible-b2000.txt	4	hörde	6
swe-x-bible-folk1998.txt	3	hörde	6
swe-x-bible-nyalevande.txt	6	lyssnade	6
swg-x-bible-swg.txt	4	zueghert	6
swg-x-bible-swg.txt	5	hä	6
afr-x-bible-1953.txt	20	Jerusalem	7
afr-x-bible-1983.txt	19	Jerusalem	7
afr-x-bible-boodskap.txt	25	Jerusalem	7
afr-x-bible-lewende.txt	28	Jerusalem	7
afr-x-bible-viralmal.txt	30	Jerusalem	7
afr-x-bible-viralmal.txt	41	Jerusalem	7
dan-x-bible-1931.txt	20	Jerusalem	7
dan-x-bible-frederik.txt	20	Jerusalem	7
dan-x-bible-hverdagsdansk.txt	18	Jerusalem	7
deu-x-bible-albrecht.txt	26	Jerusalem	7
deu-x-bible-elberfelder1871.txt	18	Jerusalem	7
deu-x-bible-elberfelder1905.txt	18	Jerusalem	7
deu-x-bible-erben.txt	18	Jerusalem	7
deu-x-bible-freebible.txt	18	Jerusalem	7
deu-x-bible-genfer2011.txt	13	Jerusalem	7
deu-x-bible-greber.txt	21	Jerusalem	7
deu-x-bible-gruenewalder.txt	16	Jerusalem	7
deu-x-bible-hoffnung.txt	21	Jerusalem	7
deu-x-bible-interlinear.txt	17	Jerusalem	7
deu-x-bible-konkordant.txt	21	Jerusalem	7
deu-x-bible-luther1545.txt	17	Jerusalem	7
deu-x-bible-luther1545letztehand.txt	18	Jerusalem	7
deu-x-bible-luther1912.txt	17	Jerusalem	7
deu-x-bible-meister.txt	18	Jerusalem	7
deu-x-bible-menge.txt	20	Jerusalem	7
deu-x-bible-neue.txt	6	Jerusalem	7
deu-x-bible-pattloch.txt	17	Jerusalem	7
deu-x-bible-reinhardt1910.txt	21	Jerusalem	7
deu-x-bible-schlachter.txt	19	Jerusalem	7
deu-x-bible-schlachter2000.txt	19	Jerusalem	7
deu-x-bible-tafelbibel.txt	24	Jerusalem	7
deu-x-bible-textbibel.txt	18	Jerusalem	7
deu-x-bible-volxbibel.txt	19	Jerusalem	7
deu-x-bible-zuercher.txt	19	Jerusalem	7
eng-x-bible-amplified.txt	21	Jerusalem	7
eng-x-bible-clontz.txt	20	Jerusalem	7
eng-x-bible-common.txt	16	Jerusalem	7
eng-x-bible-contemporary.txt	14	Jerusalem	7
eng-x-bible-darby.txt	22	Jerusalem	7
eng-x-bible-diaglot.txt	19	Jerusalem	7
eng-x-bible-easytoread.txt	23	Jerusalem	7
eng-x-bible-etheridge.txt	22	Urishlem	7
eng-x-bible-godsword.txt	6	Jerusalem	7
eng-x-bible-goodnews.txt	22	Jerusalem	7
eng-x-bible-internationalstandard.txt	19	Jerusalem	7
eng-x-bible-kingjames.txt	20	Jerusalem	7
eng-x-bible-lexham.txt	22	Jerusalem	7
eng-x-bible-literal.txt	21	Jerusalem	7
eng-x-bible-livingoracles.txt	17	Jerusalem	7
eng-x-bible-majority.txt	17	Jerusalem	7
eng-x-bible-montgomery.txt	17	Jerusalem	7
eng-x-bible-new2007.txt	22	Jerusalem	7
eng-x-bible-newcentury.txt	18	Jerusalem	7
eng-x-bible-newinternational.txt	21	Jerusalem	7
eng-x-bible-newliving.txt	15	Jerusalem	7
eng-x-bible-newreaders.txt	19	Jerusalem	7
eng-x-bible-newsimplified.txt	5	Jerusalem	7
eng-x-bible-scriptures.txt	17	Yerushalayim	7
eng-x-bible-treeoflife.txt	20	Jerusalem	7
eng-x-bible-worldwide.txt	23	Jerusalem	7
isl-x-bible-isl.txt	18	Jerúsalem	7
nds-x-bible-nds.txt	18	Jerusalem	7
nld-x-bible-1951.txt	17	Jeruzalem	7
nld-x-bible-2004.txt	20	Jeruzalem	7
nld-x-bible-2007.txt	7	Jeruzalem	7
nld-x-bible-statenvertaling.txt	19	Jeruzalem	7
nno-x-bible-2011.txt	19	Jerusalem	7
nob-x-bible-1985.txt	17	Jerusalem	7
nob-x-bible-1988.txt	20	Jerusalem	7
nob-x-bible-1988.txt	48	Jerusalem	7
nob-x-bible-2007.txt	18	Jerusalem	7
nob-x-bible-2011.txt	19	Jerusalem	7
nor-x-bible-1930.txt	19	Jerusalem	7
nor-x-bible-student.txt	21	Jerusalem	7
swe-x-bible-b2000.txt	16	Jerusalem	7
swe-x-bible-folk1998.txt	16	Jerusalem	7
swe-x-bible-nyalevande.txt	20	Jerusalem	7
swg-x-bible-swg.txt	21	Jerusalem	7
afr-x-bible-1953.txt	3	hulle	8
afr-x-bible-1983.txt	3	mense	8
afr-x-bible-lewende.txt	3	mense	8
afr-x-bible-viralmal.txt	8	mense	8
dan-x-bible-1931.txt	3	de	8
dan-x-bible-frederik.txt	3	de	8
dan-x-bible-hverdagsdansk.txt	2	folk	8
deu-x-bible-albrecht.txt	3	Leute	8
deu-x-bible-elberfelder1871.txt	2	sie	8
deu-x-bible-elberfelder1905.txt	2	sie	8
deu-x-bible-erben.txt	2	sie	8
deu-x-bible-freebible.txt	2	sie	8
deu-x-bible-greber.txt	2	sie	8
deu-x-bible-hoffnung.txt	2	Leute	8
deu-x-bible-interlinear.txt	3	sie	8
deu-x-bible-konkordant.txt	2	sie	8
deu-x-bible-luther1545.txt	2	sie	8
deu-x-bible-luther1545letztehand.txt	2	sie	8
deu-x-bible-luther1912.txt	2	sie	8
deu-x-bible-meister.txt	2	sie	8
deu-x-bible-menge.txt	2	sie	8
deu-x-bible-neue.txt	11	Leute	8
deu-x-bible-pattloch.txt	2	sie	8
deu-x-bible-reinhardt1910.txt	2	sie	8
deu-x-bible-schlachter.txt	2	sie	8
deu-x-bible-schlachter2000.txt	2	sie	8
deu-x-bible-tafelbibel.txt	2	sie	8
deu-x-bible-textbibel.txt	2	sie	8
deu-x-bible-volxbibel.txt	7	viele	8
deu-x-bible-zuercher.txt	2	sie	8
eng-x-bible-amplified.txt	3	they	8
eng-x-bible-clontz.txt	2	they	8
eng-x-bible-common.txt	2	they	8
eng-x-bible-contemporary.txt	2	crowd	8
eng-x-bible-darby.txt	3	they	8
eng-x-bible-diaglot.txt	4	them	8
eng-x-bible-easytoread.txt	3	crowd	8
eng-x-bible-etheridge.txt	3	they	8
eng-x-bible-godsword.txt	10	people	8
eng-x-bible-goodnews.txt	3	people	8
eng-x-bible-internationalstandard.txt	2	they	8
eng-x-bible-kingjames.txt	3	they	8
eng-x-bible-lexham.txt	3	they	8
eng-x-bible-literal.txt	3	they	8
eng-x-bible-livingoracles.txt	3	people	8
eng-x-bible-majority.txt	3	they	8
eng-x-bible-montgomery.txt	2	they	8
eng-x-bible-new2007.txt	3	people	8
eng-x-bible-newcentury.txt	3	people	8
eng-x-bible-newinternational.txt	2	they	8
eng-x-bible-newliving.txt	2	crowd	8
eng-x-bible-newreaders.txt	3	people	8
eng-x-bible-newsimplified.txt	1	They	8
eng-x-bible-scriptures.txt	3	they	8
eng-x-bible-treeoflife.txt	2	they	8
eng-x-bible-worldwide.txt	2	they	8
isl-x-bible-isl.txt	2	þeir	8
nds-x-bible-nds.txt	3	see	8
nld-x-bible-1951.txt	2	zij	8
nld-x-bible-2004.txt	3	mensen	8
nld-x-bible-statenvertaling.txt	3	zij	8
nno-x-bible-2011.txt	2	dei	8
nob-x-bible-1985.txt	2	de	8
nob-x-bible-1988.txt	1	De	8
nob-x-bible-2007.txt	2	de	8
nob-x-bible-2011.txt	2	de	8
nor-x-bible-1930.txt	2	de	8
nor-x-bible-student.txt	2	dei	8
swe-x-bible-b2000.txt	2	dem	8
swe-x-bible-folk1998.txt	2	de	8
swe-x-bible-nyalevande.txt	1	De	8
swg-x-bible-swg.txt	2	sie	8
afr-x-bible-1953.txt	19	naby	9
afr-x-bible-1983.txt	18	naby	9
afr-x-bible-lewende.txt	27	naby	9
afr-x-bible-viralmal.txt	29	naby	9
dan-x-bible-1931.txt	18	nær	9
dan-x-bible-frederik.txt	19	nær	9
dan-x-bible-hverdagsdansk.txt	16	tæt	9
deu-x-bible-albrecht.txt	24	nahe	9
deu-x-bible-elberfelder1871.txt	16	nahe	9
deu-x-bible-elberfelder1905.txt	16	nahe	9
deu-x-bible-erben.txt	16	nahe	9
deu-x-bible-freebible.txt	16	nahe	9
deu-x-bible-genfer2011.txt	11	nahe	9
deu-x-bible-greber.txt	19	Nähe	9
deu-x-bible-gruenewalder.txt	14	nahe	9
deu-x-bible-hoffnung.txt	12	neue	9
deu-x-bible-interlinear.txt	14	nahe	9
deu-x-bible-konkordant.txt	17	nahe	9
deu-x-bible-luther1545.txt	15	nahe	9
deu-x-bible-luther1545letztehand.txt	16	nahe	9
deu-x-bible-luther1912.txt	15	nahe	9
deu-x-bible-meister.txt	16	nahe	9
deu-x-bible-menge.txt	18	Nähe	9
deu-x-bible-neue.txt	4	nahe	9
deu-x-bible-pattloch.txt	15	nahe	9
deu-x-bible-reinhardt1910.txt	19	nahe	9
deu-x-bible-schlachter.txt	17	nahe	9
deu-x-bible-schlachter2000.txt	17	nahe	9
deu-x-bible-tafelbibel.txt	22	nahe	9
deu-x-bible-textbibel.txt	16	nahe	9
deu-x-bible-zuercher.txt	17	nahe	9
eng-x-bible-amplified.txt	20	approaching	9
eng-x-bible-clontz.txt	18	near	9
eng-x-bible-common.txt	15	near	9
eng-x-bible-contemporary.txt	11	getting	9
eng-x-bible-darby.txt	20	near	9
eng-x-bible-diaglot.txt	15	near	9
eng-x-bible-easytoread.txt	22	near	9
eng-x-bible-etheridge.txt	19	drawn	9
eng-x-bible-etheridge.txt	20	nigh	9
eng-x-bible-godsword.txt	4	closer	9
eng-x-bible-internationalstandard.txt	18	near	9
eng-x-bible-kingjames.txt	18	nigh	9
eng-x-bible-lexham.txt	21	near	9
eng-x-bible-literal.txt	19	near	9
eng-x-bible-livingoracles.txt	15	nigh	9
eng-x-bible-majority.txt	16	near	9
eng-x-bible-montgomery.txt	16	near	9
eng-x-bible-new2007.txt	20	near	9
eng-x-bible-newcentury.txt	17	near	9
eng-x-bible-newinternational.txt	20	near	9
eng-x-bible-newreaders.txt	18	near	9
eng-x-bible-newsimplified.txt	3	close	9
eng-x-bible-scriptures.txt	16	near	9
eng-x-bible-treeoflife.txt	19	near	9
eng-x-bible-worldwide.txt	22	near	9
isl-x-bible-isl.txt	16	nánd	9
nds-x-bible-nds.txt	16	dijcht	9
nld-x-bible-1951.txt	15	dicht	9
nld-x-bible-2004.txt	18	dicht	9
nld-x-bible-2007.txt	4	ver	9
nld-x-bible-statenvertaling.txt	18	nabij	9
nno-x-bible-2011.txt	18	nær	9
nob-x-bible-1985.txt	16	nær	9
nob-x-bible-1988.txt	19	nær	9
nob-x-bible-2007.txt	17	nær	9
nob-x-bible-2011.txt	18	nær	9
nor-x-bible-1930.txt	17	nær	9
nor-x-bible-student.txt	20	nær	9
swe-x-bible-b2000.txt	15	nära	9
swe-x-bible-folk1998.txt	15	nära	9
swe-x-bible-nyalevande.txt	19	nära	9
swg-x-bible-swg.txt	19	nooch	9
afr-x-bible-1953.txt	18	Hy	10
afr-x-bible-1983.txt	17	Hy	10
afr-x-bible-viralmal.txt	23	Hy	10
afr-x-bible-viralmal.txt	28	Hy	10
dan-x-bible-1931.txt	16	han	10
dan-x-bible-frederik.txt	17	han	10
dan-x-bible-hverdagsdansk.txt	13	han	10
deu-x-bible-albrecht.txt	20	er	10
deu-x-bible-elberfelder1871.txt	15	er	10
deu-x-bible-elberfelder1905.txt	15	er	10
deu-x-bible-erben.txt	15	er	10
deu-x-bible-freebible.txt	15	er	10
deu-x-bible-greber.txt	16	er	10
deu-x-bible-gruenewalder.txt	12	er	10
deu-x-bible-interlinear.txt	18	er	10
deu-x-bible-konkordant.txt	16	er	10
deu-x-bible-luther1545.txt	14	er	10
deu-x-bible-luther1545letztehand.txt	15	er	10
deu-x-bible-luther1912.txt	14	er	10
deu-x-bible-meister.txt	15	Er	10
deu-x-bible-menge.txt	14	er	10
deu-x-bible-neue.txt	14	ihm	10
deu-x-bible-pattloch.txt	14	er	10
deu-x-bible-reinhardt1910.txt	18	er	10
deu-x-bible-schlachter.txt	16	er	10
deu-x-bible-schlachter2000.txt	16	er	10
deu-x-bible-tafelbibel.txt	21	Er	10
deu-x-bible-textbibel.txt	15	er	10
deu-x-bible-zuercher.txt	16	er	10
eng-x-bible-amplified.txt	18	He	10
eng-x-bible-clontz.txt	16	he	10
eng-x-bible-common.txt	13	he	10
eng-x-bible-darby.txt	18	he	10
eng-x-bible-diaglot.txt	16	him	10
eng-x-bible-easytoread.txt	19	He	10
eng-x-bible-etheridge.txt	17	he	10
eng-x-bible-goodnews.txt	17	He	10
eng-x-bible-internationalstandard.txt	16	he	10
eng-x-bible-kingjames.txt	16	he	10
eng-x-bible-lexham.txt	19	he	10
eng-x-bible-literal.txt	17	He	10
eng-x-bible-livingoracles.txt	13	he	10
eng-x-bible-majority.txt	14	He	10
eng-x-bible-montgomery.txt	14	he	10
eng-x-bible-new2007.txt	18	he	10
eng-x-bible-newcentury.txt	15	he	10
eng-x-bible-newinternational.txt	18	he	10
eng-x-bible-newliving.txt	17	he	10
eng-x-bible-newreaders.txt	16	He	10
eng-x-bible-scriptures.txt	14	He	10
eng-x-bible-treeoflife.txt	17	He	10
eng-x-bible-worldwide.txt	16	He	10
isl-x-bible-isl.txt	13	hann	10
nds-x-bible-nds.txt	15	hee	10
nld-x-bible-1951.txt	14	Hij	10
nld-x-bible-2004.txt	16	hij	10
nld-x-bible-statenvertaling.txt	17	Hij	10
nno-x-bible-2011.txt	16	han	10
nob-x-bible-1985.txt	14	han	10
nob-x-bible-1988.txt	23	han	10
nob-x-bible-1988.txt	36	han	10
nob-x-bible-2007.txt	15	han	10
nob-x-bible-2011.txt	16	han	10
nor-x-bible-1930.txt	15	han	10
nor-x-bible-student.txt	17	han	10
swe-x-bible-b2000.txt	13	han	10
swe-x-bible-folk1998.txt	13	han	10
swe-x-bible-nyalevande.txt	23	han	10
swe-x-bible-nyalevande.txt	31	han	10
swg-x-bible-swg.txt	17	er	10
afr-x-bible-1953.txt	30	God	11
afr-x-bible-1983.txt	28	God	11
afr-x-bible-boodskap.txt	36	God	11
afr-x-bible-boodskap.txt	37	se	11
afr-x-bible-lewende.txt	39	God	11
afr-x-bible-viralmal.txt	46	God	11
dan-x-bible-1931.txt	27	Guds	11
dan-x-bible-frederik.txt	27	Guds	11
dan-x-bible-hverdagsdansk.txt	26	Gud	11
deu-x-bible-albrecht.txt	32	Gottes	11
deu-x-bible-elberfelder1871.txt	28	Gottes	11
deu-x-bible-elberfelder1905.txt	28	Gottes	11
deu-x-bible-erben.txt	26	Gottes	11
deu-x-bible-freebible.txt	28	Gottes	11
deu-x-bible-genfer2011.txt	25	Gottes	11
deu-x-bible-greber.txt	33	Gottes	11
deu-x-bible-gruenewalder.txt	27	Gottes	11
deu-x-bible-hoffnung.txt	11	Gottes	11
deu-x-bible-interlinear.txt	28	Gottes	11
deu-x-bible-konkordant.txt	32	Gottes	11
deu-x-bible-luther1545.txt	26	Gottes	11
deu-x-bible-luther1545letztehand.txt	27	Gottes	11
deu-x-bible-luther1912.txt	25	Gottes	11
deu-x-bible-meister.txt	30	Gottes	11
deu-x-bible-menge.txt	29	Gottes	11
deu-x-bible-neue.txt	20	Gottes	11
deu-x-bible-pattloch.txt	25	Gottes	11
deu-x-bible-schlachter.txt	27	Gottes	11
deu-x-bible-schlachter2000.txt	27	Gottes	11
deu-x-bible-tafelbibel.txt	34	Gottes	11
deu-x-bible-textbibel.txt	29	Gottes	11
deu-x-bible-volxbibel.txt	28	Gottes	11
deu-x-bible-zuercher.txt	27	Gottes	11
eng-x-bible-amplified.txt	30	God	11
eng-x-bible-clontz.txt	30	God	11
eng-x-bible-common.txt	20	God’s	11
eng-x-bible-contemporary.txt	21	God's	11
eng-x-bible-darby.txt	30	God	11
eng-x-bible-diaglot.txt	34	God	11
eng-x-bible-easytoread.txt	35	God’s	11
eng-x-bible-etheridge.txt	37	Aloha	11
eng-x-bible-godsword.txt	16	God	11
eng-x-bible-goodnews.txt	31	God	11
eng-x-bible-internationalstandard.txt	29	God	11
eng-x-bible-kingjames.txt	30	God	11
eng-x-bible-lexham.txt	30	God	11
eng-x-bible-literal.txt	30	God	11
eng-x-bible-livingoracles.txt	25	God	11
eng-x-bible-majority.txt	25	God	11
eng-x-bible-montgomery.txt	25	God	11
eng-x-bible-new2007.txt	32	God	11
eng-x-bible-newcentury.txt	22	God’s	11
eng-x-bible-newinternational.txt	30	God	11
eng-x-bible-newliving.txt	30	God	11
eng-x-bible-newreaders.txt	25	God's	11
eng-x-bible-newsimplified.txt	13	God	11
eng-x-bible-scriptures.txt	24	Elohim	11
eng-x-bible-treeoflife.txt	28	God	11
eng-x-bible-worldwide.txt	32	God	11
isl-x-bible-isl.txt	25	Guðs	11
nds-x-bible-nds.txt	27	Gottes	11
nld-x-bible-1951.txt	26	Gods	11
nld-x-bible-2004.txt	29	God	11
nld-x-bible-statenvertaling.txt	30	Gods	11
nno-x-bible-2011.txt	25	Guds	11
nob-x-bible-1985.txt	23	Guds	11
nob-x-bible-2007.txt	24	Guds	11
nob-x-bible-2011.txt	25	Guds	11
nor-x-bible-1930.txt	25	Guds	11
nor-x-bible-student.txt	27	Guds	11
swe-x-bible-b2000.txt	27	Guds	11
swe-x-bible-folk1998.txt	22	Guds	11
swg-x-bible-swg.txt	29	Gottes	11
afr-x-bible-1953.txt	32	sou	12
afr-x-bible-1983.txt	29	sou	12
afr-x-bible-boodskap.txt	44	sou	12
afr-x-bible-lewende.txt	46	sou	12
afr-x-bible-viralmal.txt	45	sal	12
afr-x-bible-viralmal.txt	55	wou	12
dan-x-bible-1931.txt	29	skulde	12
dan-x-bible-hverdagsdansk.txt	28	ville	12
deu-x-bible-albrecht.txt	34	müsse	12
deu-x-bible-elberfelder1871.txt	31	sollte	12
deu-x-bible-elberfelder1905.txt	31	sollte	12
deu-x-bible-freebible.txt	31	sollte	12
deu-x-bible-gruenewalder.txt	29	müsse	12
deu-x-bible-hoffnung.txt	14	würde	12
deu-x-bible-interlinear.txt	25	werde	12
deu-x-bible-konkordant.txt	34	Begriff	12
deu-x-bible-luther1545.txt	27	sollte	12
deu-x-bible-luther1545letztehand.txt	28	solt	12
deu-x-bible-luther1912.txt	26	sollte	12
deu-x-bible-meister.txt	32	werde	12
deu-x-bible-menge.txt	30	würde	12
deu-x-bible-neue.txt	23	würde	12
deu-x-bible-reinhardt1910.txt	33	würde	12
deu-x-bible-schlachter.txt	28	würde	12
deu-x-bible-schlachter2000.txt	28	würde	12
deu-x-bible-volxbibel.txt	33	würde	12
deu-x-bible-zuercher.txt	28	werde	12
eng-x-bible-amplified.txt	32	going	12
eng-x-bible-common.txt	22	would	12
eng-x-bible-contemporary.txt	23	would	12
eng-x-bible-darby.txt	32	about	12
eng-x-bible-diaglot.txt	29	about	12
eng-x-bible-etheridge.txt	31	would	12
eng-x-bible-godsword.txt	17	would	12
eng-x-bible-goodnews.txt	34	about	12
eng-x-bible-internationalstandard.txt	30	would	12
eng-x-bible-kingjames.txt	31	should	12
eng-x-bible-lexham.txt	32	going	12
eng-x-bible-livingoracles.txt	26	would	12
eng-x-bible-majority.txt	26	would	12
eng-x-bible-new2007.txt	34	going	12
eng-x-bible-newcentury.txt	24	would	12
eng-x-bible-newinternational.txt	32	going	12
eng-x-bible-newliving.txt	31	would	12
eng-x-bible-newreaders.txt	28	going	12
eng-x-bible-scriptures.txt	26	about	12
eng-x-bible-treeoflife.txt	30	about	12
eng-x-bible-worldwide.txt	33	would	12
isl-x-bible-isl.txt	22	ætluðu	12
isl-x-bible-isl.txt	27	mundi	12
nds-x-bible-nds.txt	30	wudd	12
nld-x-bible-1951.txt	29	zou	12
nld-x-bible-2004.txt	32	zou	12
nld-x-bible-2007.txt	20	zou	12
nld-x-bible-statenvertaling.txt	32	zou	12
nno-x-bible-2011.txt	28	skulle	12
nob-x-bible-1985.txt	26	ville	12
nob-x-bible-1988.txt	37	skulle	12
nob-x-bible-2007.txt	27	skulle	12
nob-x-bible-2011.txt	28	ville	12
nor-x-bible-1930.txt	28	skulde	12
nor-x-bible-student.txt	29	skulde	12
swe-x-bible-b2000.txt	24	skulle	12
swe-x-bible-folk1998.txt	25	skulle	12
swe-x-bible-nyalevande.txt	32	skulle	12
swg-x-bible-swg.txt	30	dät	12
afr-x-bible-1953.txt	17	omdat	13
afr-x-bible-viralmal.txt	27	omdat	13
dan-x-bible-1931.txt	15	fordi	13
dan-x-bible-frederik.txt	16	fordi	13
dan-x-bible-hverdagsdansk.txt	12	fordi	13
deu-x-bible-albrecht.txt	19	Denn	13
deu-x-bible-elberfelder1871.txt	14	weil	13
deu-x-bible-elberfelder1905.txt	14	weil	13
deu-x-bible-erben.txt	13	darum	13
deu-x-bible-freebible.txt	14	weil	13
deu-x-bible-genfer2011.txt	19	nämlich	13
deu-x-bible-greber.txt	15	weil	13
deu-x-bible-interlinear.txt	11	deswegen	13
deu-x-bible-interlinear.txt	13	weil	13
deu-x-bible-konkordant.txt	15	weil	13
deu-x-bible-luther1545.txt	12	darum	13
deu-x-bible-luther1545letztehand.txt	12	darumb	13
deu-x-bible-luther1912.txt	12	darum	13
deu-x-bible-meister.txt	14	weil	13
deu-x-bible-menge.txt	13	weil	13
deu-x-bible-pattloch.txt	13	weil	13
deu-x-bible-reinhardt1910.txt	16	darum	13
deu-x-bible-schlachter.txt	15	weil	13
deu-x-bible-schlachter2000.txt	15	weil	13
deu-x-bible-tafelbibel.txt	18	darum	13
deu-x-bible-textbibel.txt	14	weil	13
deu-x-bible-zuercher.txt	15	weil	13
eng-x-bible-amplified.txt	17	because	13
eng-x-bible-clontz.txt	15	because	13
eng-x-bible-common.txt	12	because	13
eng-x-bible-darby.txt	17	because	13
eng-x-bible-diaglot.txt	13	because	13
eng-x-bible-etheridge.txt	16	because	13
eng-x-bible-internationalstandard.txt	15	because	13
eng-x-bible-kingjames.txt	15	because	13
eng-x-bible-lexham.txt	18	because	13
eng-x-bible-literal.txt	16	because	13
eng-x-bible-livingoracles.txt	12	because	13
eng-x-bible-majority.txt	13	because	13
eng-x-bible-montgomery.txt	13	because	13
eng-x-bible-new2007.txt	17	because	13
eng-x-bible-newcentury.txt	14	because	13
eng-x-bible-newinternational.txt	17	because	13
eng-x-bible-newliving.txt	11	because	13
eng-x-bible-scriptures.txt	13	because	13
eng-x-bible-treeoflife.txt	16	because	13
eng-x-bible-worldwide.txt	19	because	13
isl-x-bible-isl.txt	11	því	13
nds-x-bible-nds.txt	14	wiel	13
nld-x-bible-1951.txt	13	omdat	13
nld-x-bible-2004.txt	15	aangezien	13
nld-x-bible-statenvertaling.txt	16	omdat	13
nno-x-bible-2011.txt	15	For	13
nob-x-bible-1985.txt	13	for	13
nob-x-bible-2007.txt	14	For	13
nob-x-bible-2011.txt	15	For	13
nor-x-bible-1930.txt	14	fordi	13
nor-x-bible-student.txt	16	di	13
swe-x-bible-b2000.txt	12	eftersom	13
swe-x-bible-folk1998.txt	12	eftersom	13
swe-x-bible-nyalevande.txt	14	eftersom	13
swg-x-bible-swg.txt	16	denn	13
afr-x-bible-1953.txt	23	hulle	14
afr-x-bible-1983.txt	22	hulle	14
afr-x-bible-boodskap.txt	32	volgelinge	14
dan-x-bible-1931.txt	23	de	14
dan-x-bible-frederik.txt	23	de	14
deu-x-bible-albrecht.txt	29	man	14
deu-x-bible-elberfelder1871.txt	22	sie	14
deu-x-bible-elberfelder1905.txt	22	sie	14
deu-x-bible-erben.txt	21	Sie	14
deu-x-bible-freebible.txt	22	sie	14
deu-x-bible-genfer2011.txt	18	Zuhörer	14
deu-x-bible-greber.txt	25	die	14
deu-x-bible-gruenewalder.txt	19	jene	14
deu-x-bible-interlinear.txt	21	sie	14
deu-x-bible-konkordant.txt	24	sie	14
deu-x-bible-luther1545.txt	21	sie	14
deu-x-bible-luther1545letztehand.txt	22	sie	14
deu-x-bible-luther1912.txt	20	sie	14
deu-x-bible-meister.txt	23	sie	14
deu-x-bible-menge.txt	24	sie	14
deu-x-bible-pattloch.txt	20	sie	14
deu-x-bible-reinhardt1910.txt	25	sie	14
deu-x-bible-schlachter.txt	22	sie	14
deu-x-bible-schlachter2000.txt	22	sie	14
deu-x-bible-tafelbibel.txt	28	sie	14
deu-x-bible-textbibel.txt	21	sie	14
deu-x-bible-zuercher.txt	22	sie	14
eng-x-bible-amplified.txt	24	they	14
eng-x-bible-clontz.txt	24	they	14
eng-x-bible-common.txt	18	they	14
eng-x-bible-contemporary.txt	18	them	14
eng-x-bible-darby.txt	24	they	14
eng-x-bible-diaglot.txt	24	them	14
eng-x-bible-etheridge.txt	25	they	14
eng-x-bible-godsword.txt	21	While	14
eng-x-bible-goodnews.txt	25	they	14
eng-x-bible-kingjames.txt	24	they	14
eng-x-bible-lexham.txt	24	they	14
eng-x-bible-literal.txt	24	they	14
eng-x-bible-livingoracles.txt	20	they	14
eng-x-bible-majority.txt	20	they	14
eng-x-bible-montgomery.txt	19	they	14
eng-x-bible-new2007.txt	26	they	14
eng-x-bible-newcentury.txt	20	they	14
eng-x-bible-scriptures.txt	19	they	14
eng-x-bible-treeoflife.txt	22	they	14
eng-x-bible-worldwide.txt	20	they	14
isl-x-bible-isl.txt	21	þeir	14
nds-x-bible-nds.txt	22	see	14
nld-x-bible-1951.txt	20	zij	14
nld-x-bible-2004.txt	23	zij	14
nld-x-bible-statenvertaling.txt	24	zij	14
nno-x-bible-2011.txt	22	dei	14
nob-x-bible-2007.txt	21	de	14
nob-x-bible-2011.txt	22	de	14
nor-x-bible-1930.txt	22	de	14
nor-x-bible-student.txt	24	dei	14
swe-x-bible-b2000.txt	18	de	14
swe-x-bible-b2000.txt	21	de	14
swe-x-bible-folk1998.txt	18	de	14
swe-x-bible-nyalevande.txt	27	folkets	14
swg-x-bible-swg.txt	24	sie	14
afr-x-bible-1953.txt	31	onmiddellik	15
afr-x-bible-viralmal.txt	47	dadelik	15
dan-x-bible-1931.txt	30	straks	15
dan-x-bible-frederik.txt	30	strax	15
deu-x-bible-albrecht.txt	36	sofort	15
deu-x-bible-elberfelder1871.txt	29	alsbald	15
deu-x-bible-elberfelder1905.txt	29	alsbald	15
deu-x-bible-erben.txt	28	alsbald	15
deu-x-bible-freebible.txt	29	alsbald	15
deu-x-bible-gruenewalder.txt	24	gleich	15
deu-x-bible-interlinear.txt	24	sofort	15
deu-x-bible-konkordant.txt	41	Stelle	15
deu-x-bible-luther1545.txt	28	alsbald	15
deu-x-bible-luther1545letztehand.txt	30	balde	15
deu-x-bible-luther1912.txt	27	alsbald	15
deu-x-bible-meister.txt	27	sogleich	15
deu-x-bible-menge.txt	32	sofort	15
deu-x-bible-pattloch.txt	30	alsbald	15
deu-x-bible-reinhardt1910.txt	31	sogleich	15
deu-x-bible-tafelbibel.txt	35	sogleich	15
deu-x-bible-textbibel.txt	26	sogleich	15
deu-x-bible-volxbibel.txt	31	sofort	15
deu-x-bible-zuercher.txt	29	sofort	15
eng-x-bible-amplified.txt	41	immediately	15
eng-x-bible-clontz.txt	34	immediately	15
eng-x-bible-common.txt	25	away	15
eng-x-bible-contemporary.txt	24	soon	15
eng-x-bible-darby.txt	35	immediately	15
eng-x-bible-diaglot.txt	27	immediately	15
eng-x-bible-etheridge.txt	30	hour	15
eng-x-bible-internationalstandard.txt	32	immediately	15
eng-x-bible-kingjames.txt	32	immediately	15
eng-x-bible-lexham.txt	35	immediately	15
eng-x-bible-literal.txt	32	immediately	15
eng-x-bible-livingoracles.txt	27	immediately	15
eng-x-bible-majority.txt	28	immediately	15
eng-x-bible-montgomery.txt	27	immediately	15
eng-x-bible-new2007.txt	37	immediately	15
eng-x-bible-newcentury.txt	26	immediately	15
eng-x-bible-newinternational.txt	36	once	15
eng-x-bible-newliving.txt	34	away	15
eng-x-bible-newreaders.txt	32	away	15
eng-x-bible-newsimplified.txt	17	immediately	15
eng-x-bible-scriptures.txt	30	straightaway	15
eng-x-bible-treeoflife.txt	34	once	15
eng-x-bible-worldwide.txt	36	away	15
isl-x-bible-isl.txt	28	þegar	15
nds-x-bible-nds.txt	28	fuats	15
nld-x-bible-1951.txt	27	terstond	15
nld-x-bible-2007.txt	19	vlug	15
nld-x-bible-statenvertaling.txt	31	terstond	15
nno-x-bible-2011.txt	27	straks	15
nob-x-bible-1985.txt	25	snart	15
nob-x-bible-2007.txt	26	straks	15
nob-x-bible-2011.txt	27	straks	15
nor-x-bible-1930.txt	27	straks	15
nor-x-bible-student.txt	33	straks	15
swe-x-bible-b2000.txt	22	redan	15
swe-x-bible-folk1998.txt	24	genast	15
swg-x-bible-swg.txt	31	gli	15
swg-x-bible-swg.txt	32	druf	15
afr-x-bible-1953.txt	34	.	16
afr-x-bible-1983.txt	34	.	16
afr-x-bible-boodskap.txt	46	.	16
afr-x-bible-lewende.txt	48	.	16
afr-x-bible-viralmal.txt	60	.	16
dan-x-bible-1931.txt	34	.	16
dan-x-bible-frederik.txt	32	.	16
deu-x-bible-albrecht.txt	38	.	16
deu-x-bible-elberfelder1871.txt	32	.	16
deu-x-bible-elberfelder1905.txt	32	.	16
deu-x-bible-erben.txt	32	.	16
deu-x-bible-freebible.txt	32	.	16
deu-x-bible-genfer2011.txt	29	.	16
deu-x-bible-gruenewalder.txt	30	.	16
deu-x-bible-interlinear.txt	30	.	16
deu-x-bible-konkordant.txt	44	.	16
deu-x-bible-luther1545letztehand.txt	33	.	16
deu-x-bible-meister.txt	33	!	16
deu-x-bible-menge.txt	34	.	16
deu-x-bible-pattloch.txt	35	.	16
deu-x-bible-reinhardt1910.txt	34	.	16
deu-x-bible-schlachter.txt	31	.	16
deu-x-bible-schlachter2000.txt	31	.	16
deu-x-bible-tafelbibel.txt	38	.	16
deu-x-bible-textbibel.txt	31	.	16
deu-x-bible-volxbibel.txt	43	.	16
deu-x-bible-zuercher.txt	32	.	16
eng-x-bible-amplified.txt	42	.	16
eng-x-bible-clontz.txt	35	.	16
eng-x-bible-common.txt	26	.	16
eng-x-bible-darby.txt	37	.	16
eng-x-bible-diaglot.txt	37	.	16
eng-x-bible-easytoread.txt	39	.	16
eng-x-bible-etheridge.txt	38	.	16
eng-x-bible-godsword.txt	32	.	16
eng-x-bible-goodnews.txt	37	.	16
eng-x-bible-internationalstandard.txt	33	.	16
eng-x-bible-kingjames.txt	34	.	16
eng-x-bible-lexham.txt	36	.	16
eng-x-bible-literal.txt	36	.	16
eng-x-bible-livingoracles.txt	29	.	16
eng-x-bible-majority.txt	29	.	16
eng-x-bible-montgomery.txt	30	.	16
eng-x-bible-new2007.txt	38	.	16
eng-x-bible-newcentury.txt	27	.	16
eng-x-bible-newinternational.txt	37	.	16
eng-x-bible-newliving.txt	35	.	16
eng-x-bible-newreaders.txt	33	.	16
eng-x-bible-newsimplified.txt	27	.	16
eng-x-bible-scriptures.txt	31	.	16
eng-x-bible-treeoflife.txt	35	.	16
eng-x-bible-worldwide.txt	37	.	16
isl-x-bible-isl.txt	30	.	16
nds-x-bible-nds.txt	31	.	16
nld-x-bible-1951.txt	31	.	16
nld-x-bible-2004.txt	34	.	16
nld-x-bible-2007.txt	28	.	16
nld-x-bible-statenvertaling.txt	35	.	16
nno-x-bible-2011.txt	32	.	16
nob-x-bible-1985.txt	30	.	16
nob-x-bible-2007.txt	31	.	16
nob-x-bible-2011.txt	32	.	16
nor-x-bible-1930.txt	32	.	16
nor-x-bible-student.txt	34	.	16
swe-x-bible-b2000.txt	30	.	16
swe-x-bible-folk1998.txt	32	.	16
swe-x-bible-nyalevande.txt	43	.	16
swg-x-bible-swg.txt	35	.	16
afr-x-bible-1953.txt	24	gedink	17
afr-x-bible-1983.txt	23	gedink	17
afr-x-bible-boodskap.txt	34	gedink	17
afr-x-bible-lewende.txt	33	gedink	17
afr-x-bible-viralmal.txt	36	gedink	17
dan-x-bible-1931.txt	24	mente	17
dan-x-bible-frederik.txt	24	meente	17
deu-x-bible-elberfelder1871.txt	23	meinten	17
deu-x-bible-elberfelder1905.txt	23	meinten	17
deu-x-bible-erben.txt	22	meinten	17
deu-x-bible-freebible.txt	23	meinten	17
deu-x-bible-genfer2011.txt	16	meinten	17
deu-x-bible-greber.txt	27	meinten	17
deu-x-bible-gruenewalder.txt	20	meinten	17
deu-x-bible-interlinear.txt	20	meinten	17
deu-x-bible-konkordant.txt	25	meinten	17
deu-x-bible-luther1545.txt	22	meineten	17
deu-x-bible-luther1545letztehand.txt	23	meineten	17
deu-x-bible-luther1912.txt	21	meinten	17
deu-x-bible-meister.txt	24	meinten	17
deu-x-bible-menge.txt	25	meinten	17
deu-x-bible-neue.txt	9	meinten	17
deu-x-bible-pattloch.txt	21	meinten	17
deu-x-bible-reinhardt1910.txt	26	meinten	17
deu-x-bible-schlachter.txt	23	meinten	17
deu-x-bible-schlachter2000.txt	23	meinten	17
deu-x-bible-tafelbibel.txt	29	meinten	17
deu-x-bible-textbibel.txt	22	meinten	17
deu-x-bible-zuercher.txt	23	meinten	17
eng-x-bible-amplified.txt	25	thought	17
eng-x-bible-clontz.txt	25	thought	17
eng-x-bible-common.txt	19	thought	17
eng-x-bible-contemporary.txt	19	thought	17
eng-x-bible-darby.txt	25	thought	17
eng-x-bible-diaglot.txt	23	think	17
eng-x-bible-easytoread.txt	29	thought	17
eng-x-bible-etheridge.txt	26	expected	17
eng-x-bible-godsword.txt	11	thought	17
eng-x-bible-internationalstandard.txt	24	thought	17
eng-x-bible-kingjames.txt	25	thought	17
eng-x-bible-lexham.txt	25	thought	17
eng-x-bible-literal.txt	25	thought	17
eng-x-bible-majority.txt	21	thought	17
eng-x-bible-montgomery.txt	20	thought	17
eng-x-bible-new2007.txt	27	thought	17
eng-x-bible-newcentury.txt	21	thought	17
eng-x-bible-newinternational.txt	25	thought	17
eng-x-bible-newreaders.txt	23	thought	17
eng-x-bible-scriptures.txt	20	thought	17
eng-x-bible-worldwide.txt	27	thought	17
nds-x-bible-nds.txt	23	meende	17
nld-x-bible-1951.txt	21	meenden	17
nld-x-bible-2004.txt	24	dachten	17
nld-x-bible-2007.txt	10	dachten	17
nld-x-bible-statenvertaling.txt	25	meenden	17
nno-x-bible-2011.txt	23	meinte	17
nob-x-bible-1985.txt	21	mente	17
nob-x-bible-2007.txt	22	mente	17
nob-x-bible-2011.txt	23	trodde	17
nor-x-bible-1930.txt	23	tenkte	17
nor-x-bible-student.txt	25	tenkte	17
swe-x-bible-b2000.txt	19	trodde	17
swe-x-bible-folk1998.txt	19	tänkte	17
swg-x-bible-swg.txt	25	meine	17
afr-x-bible-1953.txt	22	en	18
afr-x-bible-1983.txt	21	en	18
afr-x-bible-boodskap.txt	28	en	18
afr-x-bible-lewende.txt	30	en	18
afr-x-bible-viralmal.txt	32	en	18
dan-x-bible-1931.txt	22	og	18
dan-x-bible-frederik.txt	22	og	18
dan-x-bible-hverdagsdansk.txt	20	og	18
deu-x-bible-albrecht.txt	28	und	18
deu-x-bible-elberfelder1871.txt	21	und	18
deu-x-bible-elberfelder1905.txt	21	und	18
deu-x-bible-erben.txt	20	und	18
deu-x-bible-freebible.txt	21	und	18
deu-x-bible-greber.txt	24	und	18
deu-x-bible-gruenewalder.txt	18	und	18
deu-x-bible-interlinear.txt	19	und	18
deu-x-bible-konkordant.txt	23	und	18
deu-x-bible-luther1545.txt	20	und	18
deu-x-bible-luther1545letztehand.txt	21	vnd	18
deu-x-bible-luther1912.txt	19	und	18
deu-x-bible-meister.txt	21	und	18
deu-x-bible-menge.txt	22	und	18
deu-x-bible-pattloch.txt	19	und	18
deu-x-bible-reinhardt1910.txt	24	und	18
deu-x-bible-schlachter.txt	21	und	18
deu-x-bible-schlachter2000.txt	21	und	18
deu-x-bible-tafelbibel.txt	27	und	18
deu-x-bible-textbibel.txt	20	und	18
deu-x-bible-zuercher.txt	21	und	18
eng-x-bible-amplified.txt	22	and	18
eng-x-bible-clontz.txt	22	and	18
eng-x-bible-common.txt	17	and	18
eng-x-bible-darby.txt	23	and	18
eng-x-bible-diaglot.txt	21	and	18
eng-x-bible-easytoread.txt	24	and	18
eng-x-bible-etheridge.txt	24	and	18
eng-x-bible-goodnews.txt	24	and	18
eng-x-bible-internationalstandard.txt	20	and	18
eng-x-bible-kingjames.txt	22	and	18
eng-x-bible-lexham.txt	23	and	18
eng-x-bible-literal.txt	23	and	18
eng-x-bible-livingoracles.txt	19	and	18
eng-x-bible-majority.txt	18	and	18
eng-x-bible-montgomery.txt	18	and	18
eng-x-bible-new2007.txt	24	and	18
eng-x-bible-newcentury.txt	19	and	18
eng-x-bible-newinternational.txt	22	and	18
eng-x-bible-scriptures.txt	18	and	18
eng-x-bible-treeoflife.txt	21	and	18
eng-x-bible-worldwide.txt	24	and	18
isl-x-bible-isl.txt	20	og	18
nds-x-bible-nds.txt	21	en	18
nld-x-bible-1951.txt	19	en	18
nld-x-bible-2004.txt	22	en	18
nld-x-bible-statenvertaling.txt	22	en	18
nno-x-bible-2011.txt	21	og	18
nob-x-bible-1985.txt	19	og	18
nob-x-bible-2007.txt	20	og	18
nob-x-bible-2011.txt	21	og	18
nor-x-bible-1930.txt	21	og	18
nor-x-bible-student.txt	23	og	18
swe-x-bible-b2000.txt	17	och	18
swe-x-bible-folk1998.txt	17	och	18
swg-x-bible-swg.txt	23	un	18
afr-x-bible-1953.txt	13	'n	19
afr-x-bible-1983.txt	12	'n	19
afr-x-bible-boodskap.txt	14	'n	19
afr-x-bible-lewende.txt	14	'n	19
afr-x-bible-viralmal.txt	19	’n	19
dan-x-bible-1931.txt	12	en	19
dan-x-bible-frederik.txt	13	en	19
deu-x-bible-albrecht.txt	16	ein	19
deu-x-bible-elberfelder1871.txt	10	ein	19
deu-x-bible-elberfelder1905.txt	10	ein	19
deu-x-bible-erben.txt	10	ein	19
deu-x-bible-freebible.txt	10	ein	19
deu-x-bible-genfer2011.txt	4	einem	19
deu-x-bible-gruenewalder.txt	7	ein	19
deu-x-bible-interlinear.txt	9	ein	19
deu-x-bible-konkordant.txt	10	ein	19
deu-x-bible-luther1545.txt	9	ein	19
deu-x-bible-luther1545letztehand.txt	9	eine	19
deu-x-bible-luther1912.txt	9	ein	19
deu-x-bible-meister.txt	10	ein	19
deu-x-bible-menge.txt	9	ein	19
deu-x-bible-pattloch.txt	9	ein	19
deu-x-bible-reinhardt1910.txt	13	ein	19
deu-x-bible-schlachter.txt	12	ein	19
deu-x-bible-schlachter2000.txt	12	ein	19
deu-x-bible-tafelbibel.txt	15	ein	19
deu-x-bible-textbibel.txt	10	ein	19
deu-x-bible-zuercher.txt	12	ein	19
eng-x-bible-amplified.txt	14	a	19
eng-x-bible-clontz.txt	12	a	19
eng-x-bible-common.txt	10	another	19
eng-x-bible-darby.txt	14	a	19
eng-x-bible-diaglot.txt	10	a	19
eng-x-bible-easytoread.txt	16	a	19
eng-x-bible-etheridge.txt	13	a	19
eng-x-bible-goodnews.txt	14	a	19
eng-x-bible-internationalstandard.txt	13	a	19
eng-x-bible-kingjames.txt	12	a	19
eng-x-bible-lexham.txt	15	a	19
eng-x-bible-literal.txt	13	a	19
eng-x-bible-majority.txt	10	another	19
eng-x-bible-new2007.txt	14	a	19
eng-x-bible-newcentury.txt	12	a	19
eng-x-bible-newinternational.txt	14	a	19
eng-x-bible-newliving.txt	20	a	19
eng-x-bible-newreaders.txt	13	a	19
eng-x-bible-scriptures.txt	10	another	19
eng-x-bible-treeoflife.txt	13	a	19
eng-x-bible-worldwide.txt	13	a	19
nds-x-bible-nds.txt	10	een	19
nld-x-bible-1951.txt	9	een	19
nld-x-bible-2004.txt	12	een	19
nld-x-bible-statenvertaling.txt	13	een	19
nno-x-bible-2011.txt	12	ei	19
nob-x-bible-1985.txt	10	en	19
nob-x-bible-2007.txt	10	en	19
nob-x-bible-2011.txt	12	en	19
nor-x-bible-1930.txt	10	en	19
nor-x-bible-student.txt	12	ei	19
swe-x-bible-b2000.txt	9	en	19
swe-x-bible-folk1998.txt	9	en	19
swg-x-bible-swg.txt	12	ä	19
afr-x-bible-1953.txt	26	dat	20
afr-x-bible-boodskap.txt	35	dat	20
afr-x-bible-lewende.txt	35	dat	20
dan-x-bible-1931.txt	26	at	20
dan-x-bible-frederik.txt	26	at	20
dan-x-bible-hverdagsdansk.txt	25	at	20
deu-x-bible-elberfelder1871.txt	25	daß	20
deu-x-bible-elberfelder1905.txt	25	daß	20
deu-x-bible-freebible.txt	25	dass	20
deu-x-bible-gruenewalder.txt	22	daß	20
deu-x-bible-interlinear.txt	23	daß	20
deu-x-bible-konkordant.txt	28	daß	20
deu-x-bible-luther1545letztehand.txt	25	Das	20
deu-x-bible-meister.txt	26	dass	20
deu-x-bible-reinhardt1910.txt	28	daß	20
deu-x-bible-tafelbibel.txt	31	daß	20
deu-x-bible-volxbibel.txt	27	dass	20
eng-x-bible-amplified.txt	26	that	20
eng-x-bible-clontz.txt	26	that	20
eng-x-bible-contemporary.txt	20	that	20
eng-x-bible-darby.txt	26	that	20
eng-x-bible-diaglot.txt	26	that	20
eng-x-bible-easytoread.txt	26	that	20
eng-x-bible-etheridge.txt	27	that	20
eng-x-bible-etheridge.txt	29	that	20
eng-x-bible-goodnews.txt	27	that	20
eng-x-bible-internationalstandard.txt	25	that	20
eng-x-bible-kingjames.txt	26	that	20
eng-x-bible-lexham.txt	26	that	20
eng-x-bible-literal.txt	26	that	20
eng-x-bible-montgomery.txt	21	that	20
eng-x-bible-new2007.txt	28	that	20
eng-x-bible-newinternational.txt	26	that	20
eng-x-bible-newliving.txt	26	that	20
eng-x-bible-newreaders.txt	24	that	20
eng-x-bible-treeoflife.txt	24	that	20
eng-x-bible-worldwide.txt	28	that	20
isl-x-bible-isl.txt	24	að	20
nds-x-bible-nds.txt	25	dautet	20
nld-x-bible-1951.txt	23	dat	20
nld-x-bible-2004.txt	25	dat	20
nld-x-bible-statenvertaling.txt	27	dat	20
nno-x-bible-2011.txt	24	at	20
nob-x-bible-1985.txt	22	at	20
nob-x-bible-1988.txt	35	at	20
nob-x-bible-1988.txt	39	å	20
nob-x-bible-2007.txt	23	at	20
nob-x-bible-2011.txt	24	at	20
nor-x-bible-1930.txt	24	at	20
nor-x-bible-student.txt	26	at	20
swe-x-bible-b2000.txt	20	att	20
swe-x-bible-folk1998.txt	21	att	20
swe-x-bible-nyalevande.txt	30	att	20
afr-x-bible-1953.txt	9	vertel	21
afr-x-bible-1983.txt	14	vertel	21
afr-x-bible-boodskap.txt	16	vertel	21
afr-x-bible-lewende.txt	17	vir	21
afr-x-bible-lewende.txt	20	vertel	21
afr-x-bible-viralmal.txt	5	gesê	21
afr-x-bible-viralmal.txt	21	vertel	21
dan-x-bible-1931.txt	11	sagde	21
dan-x-bible-frederik.txt	12	sagde	21
dan-x-bible-hverdagsdansk.txt	7	fortalte	21
deu-x-bible-albrecht.txt	13	fort	21
deu-x-bible-albrecht.txt	15	erzählte	21
deu-x-bible-erben.txt	7	sagte	21
deu-x-bible-genfer2011.txt	6	fort	21
deu-x-bible-greber.txt	12	fort	21
deu-x-bible-gruenewalder.txt	5	fügte	21
deu-x-bible-hoffnung.txt	9	meinten	21
deu-x-bible-interlinear.txt	7	sagte	21
deu-x-bible-luther1545.txt	6	sagte	21
deu-x-bible-luther1545letztehand.txt	6	saget	21
deu-x-bible-luther1912.txt	6	sagte	21
deu-x-bible-meister.txt	7	sagte	21
deu-x-bible-reinhardt1910.txt	12	sagte	21
deu-x-bible-schlachter.txt	11	sagte	21
deu-x-bible-schlachter2000.txt	11	sagte	21
deu-x-bible-tafelbibel.txt	14	sagte	21
deu-x-bible-zuercher.txt	11	sagte	21
eng-x-bible-common.txt	8	told	21
eng-x-bible-darby.txt	13	spake	21
eng-x-bible-diaglot.txt	9	spoke	21
eng-x-bible-goodnews.txt	12	told	21
eng-x-bible-kingjames.txt	11	spake	21
eng-x-bible-lexham.txt	14	told	21
eng-x-bible-literal.txt	10	spoke	21
eng-x-bible-livingoracles.txt	5	attentive	21
eng-x-bible-majority.txt	9	told	21
eng-x-bible-newcentury.txt	10	told	21
eng-x-bible-newliving.txt	8	said	21
eng-x-bible-newliving.txt	18	told	21
eng-x-bible-newreaders.txt	11	told	21
eng-x-bible-scriptures.txt	9	spoke	21
eng-x-bible-worldwide.txt	7	,	21
isl-x-bible-isl.txt	8	við	21
nds-x-bible-nds.txt	7	säd	21
nld-x-bible-1951.txt	6	sprak	21
nld-x-bible-2004.txt	9	vertelde	21
nld-x-bible-statenvertaling.txt	12	zeide	21
nno-x-bible-2011.txt	11	fortalde	21
nob-x-bible-1985.txt	7	fortalte	21
nob-x-bible-1988.txt	11	sa	21
nob-x-bible-2011.txt	9	fortalte	21
nor-x-bible-student.txt	11	fortalde	21
swe-x-bible-b2000.txt	6	berättade	21
swe-x-bible-folk1998.txt	6	berättade	21
swe-x-bible-nyalevande.txt	11	sa	21
swg-x-bible-swg.txt	7	sait	21
afr-x-bible-1953.txt	5	hierdie	22
dan-x-bible-1931.txt	6	dette	22
dan-x-bible-frederik.txt	6	dette	22
deu-x-bible-albrecht.txt	6	diese	22
deu-x-bible-elberfelder1871.txt	4	dieses	22
deu-x-bible-elberfelder1905.txt	4	dieses	22
deu-x-bible-erben.txt	4	dieses	22
deu-x-bible-freebible.txt	4	dieses	22
deu-x-bible-interlinear.txt	4	dieses	22
deu-x-bible-konkordant.txt	3	dies	22
deu-x-bible-meister.txt	4	dieses	22
deu-x-bible-menge.txt	3	dies	22
deu-x-bible-pattloch.txt	3	diesen	22
deu-x-bible-pattloch.txt	4	Worten	22
deu-x-bible-reinhardt1910.txt	4	dieses	22
deu-x-bible-schlachter.txt	4	solches	22
deu-x-bible-schlachter2000.txt	4	dies	22
deu-x-bible-tafelbibel.txt	4	solches	22
deu-x-bible-textbibel.txt	4	diese	22
deu-x-bible-zuercher.txt	4	dies	22
eng-x-bible-amplified.txt	7	these	22
eng-x-bible-clontz.txt	4	these	22
eng-x-bible-common.txt	5	this	22
eng-x-bible-darby.txt	7	these	22
eng-x-bible-diaglot.txt	5	these	22
eng-x-bible-easytoread.txt	9	saying	22
eng-x-bible-etheridge.txt	6	these	22
eng-x-bible-goodnews.txt	7	this	22
eng-x-bible-internationalstandard.txt	6	this	22
eng-x-bible-kingjames.txt	5	these	22
eng-x-bible-lexham.txt	7	these	22
eng-x-bible-literal.txt	6	these	22
eng-x-bible-livingoracles.txt	9	this	22
eng-x-bible-majority.txt	5	these	22
eng-x-bible-montgomery.txt	7	words	22
eng-x-bible-montgomery.txt	10	this	22
eng-x-bible-new2007.txt	7	these	22
eng-x-bible-newcentury.txt	7	this	22
eng-x-bible-newinternational.txt	6	this	22
eng-x-bible-newreaders.txt	7	these	22
eng-x-bible-scriptures.txt	6	this	22
eng-x-bible-treeoflife.txt	6	this	22
eng-x-bible-worldwide.txt	6	this	22
nno-x-bible-2011.txt	5	dette	22
nob-x-bible-2007.txt	5	dette	22
nob-x-bible-2011.txt	7	dette	22
nor-x-bible-1930.txt	5	dette	22
swe-x-bible-b2000.txt	5	detta	22
swe-x-bible-folk1998.txt	4	detta	22
afr-x-bible-1953.txt	33	verskyn	23
dan-x-bible-frederik.txt	31	aabenbares	23
dan-x-bible-hverdagsdansk.txt	32	synligt	23
deu-x-bible-albrecht.txt	37	erscheinen	23
deu-x-bible-elberfelder1871.txt	30	erscheinen	23
deu-x-bible-elberfelder1905.txt	30	erscheinen	23
deu-x-bible-freebible.txt	30	erscheinen	23
deu-x-bible-gruenewalder.txt	28	erscheinen	23
deu-x-bible-interlinear.txt	29	erscheinen	23
deu-x-bible-konkordant.txt	43	erscheinen	23
deu-x-bible-meister.txt	31	erscheinen	23
deu-x-bible-menge.txt	33	erscheinen	23
deu-x-bible-schlachter.txt	30	erscheinen	23
deu-x-bible-schlachter2000.txt	30	erscheinen	23
deu-x-bible-tafelbibel.txt	36	erscheinen	23
deu-x-bible-textbibel.txt	30	erscheinen	23
eng-x-bible-clontz.txt	33	appear	23
eng-x-bible-common.txt	23	appear	23
eng-x-bible-contemporary.txt	25	appear	23
eng-x-bible-diaglot.txt	36	appear	23
eng-x-bible-godsword.txt	18	appear	23
eng-x-bible-goodnews.txt	36	appear	23
eng-x-bible-internationalstandard.txt	31	appear	23
eng-x-bible-kingjames.txt	33	appear	23
eng-x-bible-lexham.txt	34	appear	23
eng-x-bible-majority.txt	27	appear	23
eng-x-bible-montgomery.txt	29	appear	23
eng-x-bible-new2007.txt	36	appear	23
eng-x-bible-newinternational.txt	34	appear	23
eng-x-bible-newreaders.txt	30	appear	23
eng-x-bible-newsimplified.txt	16	appear	23
eng-x-bible-treeoflife.txt	32	appear	23
isl-x-bible-isl.txt	29	birtast	23
swe-x-bible-folk1998.txt	26	träda	23
afr-x-bible-1953.txt	15	by	24
afr-x-bible-viralmal.txt	38	wanneer	24
dan-x-bible-1931.txt	19	ved	24
deu-x-bible-albrecht.txt	25	bei	24
deu-x-bible-elberfelder1871.txt	17	bei	24
deu-x-bible-elberfelder1905.txt	17	bei	24
deu-x-bible-erben.txt	17	bei	24
deu-x-bible-freebible.txt	17	bei	24
deu-x-bible-gruenewalder.txt	15	bei	24
deu-x-bible-konkordant.txt	19	bei	24
deu-x-bible-luther1545.txt	16	bei	24
deu-x-bible-luther1545letztehand.txt	17	bey	24
deu-x-bible-luther1912.txt	16	bei	24
deu-x-bible-meister.txt	17	bei	24
deu-x-bible-reinhardt1910.txt	20	bei	24
deu-x-bible-schlachter.txt	18	bei	24
deu-x-bible-schlachter2000.txt	18	bei	24
deu-x-bible-tafelbibel.txt	23	bei	24
deu-x-bible-textbibel.txt	17	bei	24
deu-x-bible-zuercher.txt	18	bei	24
eng-x-bible-goodnews.txt	21	at	24
isl-x-bible-isl.txt	17	við	24
nds-x-bible-nds.txt	17	bie	24
nld-x-bible-1951.txt	16	bij	24
nld-x-bible-2004.txt	19	bij	24
nor-x-bible-1930.txt	18	ved	24
swg-x-bible-swg.txt	20	bi	24
afr-x-bible-1953.txt	29	van	25
afr-x-bible-1983.txt	27	van	25
afr-x-bible-lewende.txt	38	van	25
deu-x-bible-genfer2011.txt	23	des	25
eng-x-bible-clontz.txt	29	of	25
eng-x-bible-darby.txt	29	of	25
eng-x-bible-diaglot.txt	32	of	25
eng-x-bible-godsword.txt	25	people’s	25
eng-x-bible-goodnews.txt	30	of	25
eng-x-bible-internationalstandard.txt	28	of	25
eng-x-bible-kingjames.txt	29	of	25
eng-x-bible-lexham.txt	29	of	25
eng-x-bible-literal.txt	29	of	25
eng-x-bible-livingoracles.txt	24	of	25
eng-x-bible-majority.txt	24	of	25
eng-x-bible-montgomery.txt	24	of	25
eng-x-bible-new2007.txt	31	of	25
eng-x-bible-newinternational.txt	29	of	25
eng-x-bible-newliving.txt	29	of	25
eng-x-bible-scriptures.txt	23	of	25
eng-x-bible-treeoflife.txt	27	of	25
eng-x-bible-worldwide.txt	31	of	25
nld-x-bible-2004.txt	28	van	25
afr-x-bible-1953.txt	12	nog	26
afr-x-bible-1983.txt	11	nog	26
afr-x-bible-viralmal.txt	3	nog	26
deu-x-bible-albrecht.txt	4	noch	26
deu-x-bible-albrecht.txt	12	weiter	26
deu-x-bible-elberfelder1871.txt	9	noch	26
deu-x-bible-elberfelder1905.txt	9	noch	26
deu-x-bible-erben.txt	9	weiter	26
deu-x-bible-freebible.txt	9	noch	26
deu-x-bible-konkordant.txt	9	noch	26
deu-x-bible-luther1545.txt	8	weiter	26
deu-x-bible-luther1545letztehand.txt	8	weiter	26
deu-x-bible-luther1912.txt	8	weiter	26
deu-x-bible-meister.txt	9	noch	26
deu-x-bible-menge.txt	8	noch	26
deu-x-bible-textbibel.txt	9	noch	26
deu-x-bible-volxbibel.txt	16	bevor	26
eng-x-bible-contemporary.txt	4	still	26
nds-x-bible-nds.txt	9	noch	26
nld-x-bible-1951.txt	8	nog	26
nld-x-bible-2004.txt	11	nog	26
nld-x-bible-2007.txt	5	meer	26
nob-x-bible-1985.txt	9	enda	26
swe-x-bible-folk1998.txt	8	ännu	26
dan-x-bible-1931.txt	32	til	27
deu-x-bible-erben.txt	29	zum	27
deu-x-bible-konkordant.txt	42	zu	27
deu-x-bible-pattloch.txt	33	zu	27
eng-x-bible-amplified.txt	36	to	27
eng-x-bible-clontz.txt	32	to	27
eng-x-bible-darby.txt	33	to	27
eng-x-bible-diaglot.txt	35	to	27
eng-x-bible-easytoread.txt	37	to	27
eng-x-bible-goodnews.txt	35	to	27
eng-x-bible-lexham.txt	33	to	27
eng-x-bible-literal.txt	33	to	27
eng-x-bible-montgomery.txt	28	to	27
eng-x-bible-new2007.txt	35	to	27
eng-x-bible-newinternational.txt	33	to	27
eng-x-bible-newreaders.txt	29	to	27
eng-x-bible-scriptures.txt	27	to	27
eng-x-bible-treeoflife.txt	31	to	27
nno-x-bible-2011.txt	30	til	27
nob-x-bible-1985.txt	28	til	27
nob-x-bible-2007.txt	29	til	27
nob-x-bible-2011.txt	30	til	27
nor-x-bible-1930.txt	30	til	27
nor-x-bible-student.txt	31	til	27
afr-x-bible-1953.txt	4	na	28
afr-x-bible-1983.txt	4	na	28
deu-x-bible-hoffnung.txt	6	zu	28
eng-x-bible-amplified.txt	6	to	28
eng-x-bible-common.txt	4	to	28
eng-x-bible-contemporary.txt	6	to	28
eng-x-bible-darby.txt	6	to	28
eng-x-bible-easytoread.txt	5	to	28
eng-x-bible-godsword.txt	5	to	28
eng-x-bible-goodnews.txt	6	to	28
eng-x-bible-internationalstandard.txt	5	to	28
eng-x-bible-lexham.txt	6	to	28
eng-x-bible-montgomery.txt	5	to	28
eng-x-bible-new2007.txt	6	to	28
eng-x-bible-newcentury.txt	6	to	28
eng-x-bible-newinternational.txt	5	to	28
eng-x-bible-newliving.txt	5	to	28
eng-x-bible-newreaders.txt	6	to	28
eng-x-bible-newsimplified.txt	4	to	28
eng-x-bible-treeoflife.txt	5	to	28
eng-x-bible-worldwide.txt	5	to	28
nld-x-bible-2004.txt	6	te	28
deu-x-bible-elberfelder1871.txt	26	das	29
deu-x-bible-elberfelder1905.txt	26	das	29
deu-x-bible-erben.txt	24	das	29
deu-x-bible-freebible.txt	26	das	29
deu-x-bible-greber.txt	29	das	29
deu-x-bible-gruenewalder.txt	25	das	29
deu-x-bible-interlinear.txt	26	das	29
deu-x-bible-konkordant.txt	30	das	29
deu-x-bible-luther1545.txt	24	das	29
deu-x-bible-luther1912.txt	23	das	29
deu-x-bible-menge.txt	27	das	29
deu-x-bible-neue.txt	18	das	29
deu-x-bible-pattloch.txt	23	das	29
deu-x-bible-schlachter.txt	25	das	29
deu-x-bible-schlachter2000.txt	25	das	29
deu-x-bible-tafelbibel.txt	32	das	29
deu-x-bible-textbibel.txt	27	das	29
deu-x-bible-zuercher.txt	25	das	29
eng-x-bible-easytoread.txt	30	it	29
nld-x-bible-1951.txt	24	het	29
nld-x-bible-2004.txt	26	het	29
nld-x-bible-statenvertaling.txt	28	het	29
swg-x-bible-swg.txt	27	s	29
afr-x-bible-1953.txt	27	die	30
afr-x-bible-1983.txt	25	die	30
afr-x-bible-lewende.txt	36	die	30
deu-x-bible-genfer2011.txt	21	der	30
deu-x-bible-greber.txt	31	der	30
eng-x-bible-clontz.txt	27	the	30
eng-x-bible-darby.txt	27	the	30
eng-x-bible-godsword.txt	24	the	30
eng-x-bible-goodnews.txt	28	the	30
eng-x-bible-internationalstandard.txt	26	the	30
eng-x-bible-kingjames.txt	27	the	30
eng-x-bible-lexham.txt	27	the	30
eng-x-bible-literal.txt	27	the	30
eng-x-bible-livingoracles.txt	22	the	30
eng-x-bible-majority.txt	22	the	30
eng-x-bible-montgomery.txt	22	the	30
eng-x-bible-new2007.txt	29	the	30
eng-x-bible-newinternational.txt	27	the	30
eng-x-bible-newliving.txt	27	the	30
eng-x-bible-treeoflife.txt	25	the	30
eng-x-bible-worldwide.txt	29	the	30
afr-x-bible-1953.txt	11	daar	31
afr-x-bible-lewende.txt	7	het	31
deu-x-bible-gruenewalder.txt	2	vor	31
eng-x-bible-amplified.txt	4	were	31
eng-x-bible-darby.txt	4	were	31
eng-x-bible-etheridge.txt	4	had	31
eng-x-bible-goodnews.txt	4	were	31
eng-x-bible-internationalstandard.txt	3	were	31
eng-x-bible-lexham.txt	4	were	31
eng-x-bible-literal.txt	4	were	31
eng-x-bible-livingoracles.txt	4	were	31
eng-x-bible-montgomery.txt	3	were	31
eng-x-bible-new2007.txt	4	were	31
eng-x-bible-newcentury.txt	4	were	31
eng-x-bible-newinternational.txt	3	were	31
eng-x-bible-newreaders.txt	4	were	31
eng-x-bible-newsimplified.txt	2	were	31
eng-x-bible-scriptures.txt	4	were	31
eng-x-bible-treeoflife.txt	3	were	31
eng-x-bible-worldwide.txt	3	were	31
nld-x-bible-2004.txt	5	stonden	31
nld-x-bible-statenvertaling.txt	9	daarbij	31
nob-x-bible-1988.txt	3	sto	31
nob-x-bible-2011.txt	3	sto	31
swe-x-bible-nyalevande.txt	3	stod	31
swe-x-bible-nyalevande.txt	5	omkring	31
afr-x-bible-boodskap.txt	6	sit	32
dan-x-bible-1931.txt	5	på	32
dan-x-bible-frederik.txt	5	paa	32
dan-x-bible-hverdagsdansk.txt	3	sad	32
deu-x-bible-albrecht.txt	5	auf	32
deu-x-bible-greber.txt	8	setzte	32
deu-x-bible-gruenewalder.txt	9	an	32
eng-x-bible-clontz.txt	9	on	32
eng-x-bible-easytoread.txt	13	on	32
eng-x-bible-internationalstandard.txt	10	on	32
eng-x-bible-lexham.txt	12	on	32
eng-x-bible-newinternational.txt	10	on	32
eng-x-bible-treeoflife.txt	10	on	32
isl-x-bible-isl.txt	4	á	32
nno-x-bible-2011.txt	4	på	32
nob-x-bible-1985.txt	5	på	32
nob-x-bible-1988.txt	8	på	32
nob-x-bible-2007.txt	4	på	32
nob-x-bible-2011.txt	6	på	32
nor-x-bible-1930.txt	4	på	32
nor-x-bible-student.txt	4	på	32
swe-x-bible-nyalevande.txt	8	på	32
dan-x-bible-1931.txt	10	og	33
dan-x-bible-frederik.txt	11	og	33
deu-x-bible-albrecht.txt	14	und	33
deu-x-bible-reinhardt1910.txt	11	und	33
deu-x-bible-schlachter.txt	10	und	33
deu-x-bible-schlachter2000.txt	10	und	33
deu-x-bible-tafelbibel.txt	13	und	33
deu-x-bible-volxbibel.txt	12	und	33
deu-x-bible-zuercher.txt	10	und	33
eng-x-bible-darby.txt	12	and	33
eng-x-bible-godsword.txt	8	and	33
eng-x-bible-goodnews.txt	11	and	33
eng-x-bible-kingjames.txt	10	and	33
eng-x-bible-lexham.txt	13	and	33
nld-x-bible-statenvertaling.txt	11	en	33
nno-x-bible-2011.txt	10	og	33
nor-x-bible-student.txt	10	og	33
swe-x-bible-nyalevande.txt	13	och	33
afr-x-bible-1983.txt	33	kom	34
afr-x-bible-boodskap.txt	45	aanbreek	34
afr-x-bible-viralmal.txt	42	kom	34
dan-x-bible-1931.txt	31	komme	34
deu-x-bible-erben.txt	31	kommen	34
deu-x-bible-hoffnung.txt	16	kommen	34
deu-x-bible-pattloch.txt	34	treten	34
eng-x-bible-amplified.txt	35	brought	34
eng-x-bible-easytoread.txt	38	come	34
nds-x-bible-nds.txt	29	kohme	34
nld-x-bible-2007.txt	21	komen	34
nno-x-bible-2011.txt	29	koma	34
nob-x-bible-1985.txt	27	komme	34
nob-x-bible-1988.txt	46	kom	34
nob-x-bible-2007.txt	28	komme	34
nob-x-bible-2011.txt	29	komme	34
nor-x-bible-1930.txt	29	komme	34
nor-x-bible-student.txt	30	koma	34
swe-x-bible-b2000.txt	29	komma	34
swe-x-bible-folk1998.txt	27	fram	34
swe-x-bible-nyalevande.txt	40	kom	34
swe-x-bible-nyalevande.txt	41	fram	34
afr-x-bible-viralmal.txt	49	word	35
dan-x-bible-frederik.txt	29	skulle	35
deu-x-bible-erben.txt	27	werde	35
deu-x-bible-konkordant.txt	35	sei	35
deu-x-bible-luther1545.txt	30	werden	35
deu-x-bible-luther1545letztehand.txt	32	werden	35
deu-x-bible-luther1912.txt	29	werden	35
deu-x-bible-pattloch.txt	26	sei	35
deu-x-bible-tafelbibel.txt	37	werde	35
deu-x-bible-textbibel.txt	25	müsse	35
deu-x-bible-zuercher.txt	31	werden	35
eng-x-bible-amplified.txt	34	be	35
eng-x-bible-darby.txt	34	be	35
eng-x-bible-diaglot.txt	28	is	35
eng-x-bible-etheridge.txt	32	be	35
eng-x-bible-literal.txt	34	be	35
eng-x-bible-scriptures.txt	28	be	35
nld-x-bible-1951.txt	30	worden	35
nld-x-bible-statenvertaling.txt	34	worden	35
swe-x-bible-b2000.txt	25	få	35
swg-x-bible-swg.txt	34	wäre	35
afr-x-bible-1983.txt	30	nou	36
afr-x-bible-boodskap.txt	20	nou	36
afr-x-bible-boodskap.txt	41	nou	36
deu-x-bible-albrecht.txt	22	nun	36
deu-x-bible-albrecht.txt	35	jetzt	36
deu-x-bible-gruenewalder.txt	23	jetzt	36
deu-x-bible-menge.txt	31	jetzt	36
deu-x-bible-neue.txt	21	nun	36
deu-x-bible-textbibel.txt	24	nun	36
eng-x-bible-easytoread.txt	21	now	36
eng-x-bible-goodnews.txt	19	now	36
nld-x-bible-2004.txt	17	nu	36
nld-x-bible-2004.txt	30	nu	36
nld-x-bible-2007.txt	17	nu	36
swe-x-bible-b2000.txt	23	nu	36
swe-x-bible-nyalevande.txt	16	nu	36
deu-x-bible-elberfelder1871.txt	7	fügte	37
deu-x-bible-elberfelder1905.txt	7	fügte	37
deu-x-bible-freebible.txt	7	fügte	37
deu-x-bible-konkordant.txt	6	fügte	37
deu-x-bible-menge.txt	6	fügte	37
deu-x-bible-pattloch.txt	7	fügte	37
deu-x-bible-textbibel.txt	7	fügte	37
eng-x-bible-darby.txt	11	added	37
eng-x-bible-etheridge.txt	10	added	37
eng-x-bible-kingjames.txt	9	added	37
eng-x-bible-livingoracles.txt	8	added	37
eng-x-bible-montgomery.txt	9	added	37
isl-x-bible-isl.txt	6	bætti	37
nld-x-bible-statenvertaling.txt	7	voegde	37
nob-x-bible-2007.txt	7	la	37
nor-x-bible-1930.txt	7	la	37
afr-x-bible-1953.txt	6	dinge	38
afr-x-bible-viralmal.txt	9	wat	38
eng-x-bible-amplified.txt	8	things	38
eng-x-bible-clontz.txt	5	things	38
eng-x-bible-darby.txt	8	things	38
eng-x-bible-diaglot.txt	6	things	38
eng-x-bible-easytoread.txt	6	what	38
eng-x-bible-etheridge.txt	7	things	38
eng-x-bible-kingjames.txt	6	things	38
eng-x-bible-lexham.txt	8	things	38
eng-x-bible-literal.txt	7	things	38
eng-x-bible-majority.txt	6	things	38
eng-x-bible-new2007.txt	8	things	38
eng-x-bible-newliving.txt	6	everything	38
eng-x-bible-newreaders.txt	8	things	38
nob-x-bible-1988.txt	9	det	38
nor-x-bible-student.txt	5	det	38
swe-x-bible-nyalevande.txt	9	vad	38
afr-x-bible-boodskap.txt	13	hulle	39
afr-x-bible-boodskap.txt	18	Hulle	39
afr-x-bible-lewende.txt	18	hulle	39
afr-x-bible-viralmal.txt	18	hulle	39
deu-x-bible-hoffnung.txt	8	Sie	39
deu-x-bible-volxbibel.txt	17	sie	39
eng-x-bible-common.txt	9	them	39
eng-x-bible-goodnews.txt	13	them	39
eng-x-bible-newcentury.txt	11	them	39
eng-x-bible-newinternational.txt	13	them	39
eng-x-bible-newliving.txt	10	And	39
eng-x-bible-newliving.txt	19	them	39
eng-x-bible-newreaders.txt	12	them	39
eng-x-bible-newsimplified.txt	7	They	39
eng-x-bible-worldwide.txt	12	them	39
nob-x-bible-1988.txt	15	de	39
swe-x-bible-nyalevande.txt	15	de	39
afr-x-bible-boodskap.txt	17	.	40
afr-x-bible-lewende.txt	21	.	40
afr-x-bible-viralmal.txt	22	.	40
deu-x-bible-albrecht.txt	18	.	40
deu-x-bible-volxbibel.txt	21	.	40
eng-x-bible-easytoread.txt	18	.	40
eng-x-bible-goodnews.txt	16	.	40
eng-x-bible-newreaders.txt	15	.	40
eng-x-bible-worldwide.txt	15	.	40
nno-x-bible-2011.txt	14	.	40
nob-x-bible-2007.txt	13	.	40
nob-x-bible-2011.txt	14	.	40
afr-x-bible-lewende.txt	19	te	41
afr-x-bible-lewende.txt	25	dat	41
dan-x-bible-hverdagsdansk.txt	15	så	41
deu-x-bible-erben.txt	14	daß	41
deu-x-bible-luther1545.txt	13	daß	41
deu-x-bible-luther1545letztehand.txt	14	das	41
deu-x-bible-luther1912.txt	13	daß	41
deu-x-bible-neue.txt	17	dass	41
deu-x-bible-reinhardt1910.txt	17	daß	41
deu-x-bible-tafelbibel.txt	20	daß	41
eng-x-bible-godsword.txt	12	that	41
eng-x-bible-newsimplified.txt	9	that	41
eng-x-bible-worldwide.txt	18	so	41
isl-x-bible-isl.txt	12	að	41
nld-x-bible-2007.txt	12	dat	41
nor-x-bible-student.txt	19	so	41
swe-x-bible-nyalevande.txt	25	att	41
afr-x-bible-1953.txt	8	,	42
afr-x-bible-1983.txt	8	,	42
eng-x-bible-amplified.txt	9	,	42
eng-x-bible-common.txt	6	,	42
eng-x-bible-easytoread.txt	10	,	42
eng-x-bible-godsword.txt	7	,	42
eng-x-bible-goodnews.txt	8	,	42
eng-x-bible-internationalstandard.txt	7	,	42
eng-x-bible-new2007.txt	9	,	42
eng-x-bible-newcentury.txt	8	,	42
eng-x-bible-newreaders.txt	9	,	42
eng-x-bible-treeoflife.txt	7	,	42
nld-x-bible-2004.txt	8	,	42
nob-x-bible-2011.txt	8	,	42
afr-x-bible-viralmal.txt	58	reg	43
dan-x-bible-hverdagsdansk.txt	33	på	43
deu-x-bible-konkordant.txt	37	auf	43
deu-x-bible-neue.txt	31	an	43
deu-x-bible-volxbibel.txt	38	gleich	43
eng-x-bible-common.txt	24	right	43
eng-x-bible-godsword.txt	26	attention	43
eng-x-bible-newinternational.txt	35	at	43
eng-x-bible-newliving.txt	33	right	43
eng-x-bible-newreaders.txt	31	right	43
eng-x-bible-treeoflife.txt	33	at	43
eng-x-bible-worldwide.txt	35	right	43
swe-x-bible-folk1998.txt	28	på	43
deu-x-bible-albrecht.txt	30	meinte	44
eng-x-bible-amplified.txt	31	was	44
eng-x-bible-clontz.txt	31	was	44
eng-x-bible-darby.txt	31	was	44
eng-x-bible-easytoread.txt	31	was	44
eng-x-bible-goodnews.txt	32	was	44
eng-x-bible-lexham.txt	31	was	44
eng-x-bible-literal.txt	31	was	44
eng-x-bible-montgomery.txt	26	was	44
eng-x-bible-new2007.txt	33	was	44
eng-x-bible-newinternational.txt	31	was	44
eng-x-bible-newreaders.txt	27	was	44
eng-x-bible-scriptures.txt	25	was	44
eng-x-bible-treeoflife.txt	29	was	44
deu-x-bible-erben.txt	30	Vorschein	45
deu-x-bible-hoffnung.txt	15	sichtbar	45
deu-x-bible-luther1545.txt	29	offenbart	45
deu-x-bible-luther1545letztehand.txt	31	offenbart	45
deu-x-bible-luther1912.txt	28	offenbart	45
deu-x-bible-reinhardt1910.txt	32	geoffenbart	45
eng-x-bible-darby.txt	36	manifested	45
eng-x-bible-etheridge.txt	33	revealed	45
eng-x-bible-literal.txt	35	revealed	45
eng-x-bible-scriptures.txt	29	manifested	45
nld-x-bible-1951.txt	28	openbaar	45
nld-x-bible-statenvertaling.txt	33	openbaar	45
nob-x-bible-1988.txt	55	for	45
swe-x-bible-nyalevande.txt	46	för	45
swg-x-bible-swg.txt	33	bekannt	45
deu-x-bible-volxbibel.txt	23	sollten	46
eng-x-bible-clontz.txt	19	to	46
eng-x-bible-contemporary.txt	13	to	46
eng-x-bible-darby.txt	21	to	46
eng-x-bible-diaglot.txt	22	to	46
eng-x-bible-etheridge.txt	21	to	46
eng-x-bible-kingjames.txt	19	to	46
eng-x-bible-literal.txt	20	to	46
eng-x-bible-livingoracles.txt	16	to	46
eng-x-bible-new2007.txt	21	to	46
eng-x-bible-newliving.txt	22	to	46
eng-x-bible-newsimplified.txt	15	to	46
deu-x-bible-elberfelder1871.txt	12	hinzu	47
deu-x-bible-elberfelder1905.txt	12	hinzu	47
deu-x-bible-freebible.txt	12	hinzu	47
deu-x-bible-konkordant.txt	13	hinzu	47
deu-x-bible-menge.txt	11	hinzu	47
deu-x-bible-pattloch.txt	11	hinzu	47
deu-x-bible-tafelbibel.txt	12	hinzu	47
deu-x-bible-textbibel.txt	12	hinzu	47
nds-x-bible-nds.txt	12	doatoo	47
nob-x-bible-2007.txt	12	til	47
nor-x-bible-1930.txt	12	til	47
afr-x-bible-1983.txt	7	het	48
afr-x-bible-boodskap.txt	10	het	48
afr-x-bible-lewende.txt	9	het	48
afr-x-bible-viralmal.txt	13	het	48
deu-x-bible-albrecht.txt	10	fuhr	48
deu-x-bible-genfer2011.txt	2	fuhr	48
deu-x-bible-reinhardt1910.txt	7	fuhr	48
deu-x-bible-schlachter.txt	7	fuhr	48
deu-x-bible-schlachter2000.txt	7	fuhr	48
deu-x-bible-tafelbibel.txt	7	fuhr	48
deu-x-bible-zuercher.txt	7	fuhr	48
nno-x-bible-2011.txt	7	heldt	48
nor-x-bible-student.txt	7	heldt	48
afr-x-bible-boodskap.txt	23	ver	49
afr-x-bible-boodskap.txt	24	van	49
afr-x-bible-boodskap.txt	26	af	49
deu-x-bible-greber.txt	20	von	49
deu-x-bible-menge.txt	19	von	49
eng-x-bible-godsword.txt	15	of	49
eng-x-bible-newsimplified.txt	12	of	49
nld-x-bible-2007.txt	15	van	49
nor-x-bible-student.txt	15	av	49
afr-x-bible-lewende.txt	13	om	50
eng-x-bible-amplified.txt	12	to	50
eng-x-bible-clontz.txt	10	to	50
eng-x-bible-easytoread.txt	14	to	50
eng-x-bible-etheridge.txt	11	to	50
eng-x-bible-internationalstandard.txt	11	to	50
eng-x-bible-new2007.txt	12	to	50
eng-x-bible-newinternational.txt	11	to	50
eng-x-bible-treeoflife.txt	11	to	50
eng-x-bible-worldwide.txt	10	to	50
afr-x-bible-1983.txt	2	die	51
afr-x-bible-lewende.txt	2	die	51
deu-x-bible-albrecht.txt	2	die	51
eng-x-bible-easytoread.txt	2	the	51
eng-x-bible-goodnews.txt	2	the	51
eng-x-bible-livingoracles.txt	2	the	51
eng-x-bible-new2007.txt	2	the	51
eng-x-bible-newcentury.txt	2	the	51
eng-x-bible-newreaders.txt	2	the	51
nld-x-bible-2004.txt	2	de	51
afr-x-bible-lewende.txt	32	mense	52
afr-x-bible-viralmal.txt	35	mense	52
dan-x-bible-hverdagsdansk.txt	22	mange	52
deu-x-bible-greber.txt	26	Leute	52
eng-x-bible-contemporary.txt	16	Many	52
eng-x-bible-easytoread.txt	28	people	52
eng-x-bible-internationalstandard.txt	23	people	52
eng-x-bible-newinternational.txt	24	people	52
eng-x-bible-newreaders.txt	22	people	52
eng-x-bible-worldwide.txt	26	people	52
nld-x-bible-2007.txt	11	velen	52
nob-x-bible-1985.txt	20	mange	52
nob-x-bible-1988.txt	32	folket	52
afr-x-bible-viralmal.txt	33	omdat	53
dan-x-bible-hverdagsdansk.txt	21	fordi	53
deu-x-bible-meister.txt	22	weil	53
deu-x-bible-menge.txt	23	weil	53
eng-x-bible-amplified.txt	23	because	53
eng-x-bible-clontz.txt	23	because	53
eng-x-bible-internationalstandard.txt	21	because	53
eng-x-bible-kingjames.txt	23	because	53
eng-x-bible-majority.txt	19	because	53
eng-x-bible-new2007.txt	25	because	53
nld-x-bible-statenvertaling.txt	23	omdat	53
deu-x-bible-elberfelder1871.txt	3	aber	54
deu-x-bible-elberfelder1905.txt	3	aber	54
deu-x-bible-erben.txt	3	aber	54
deu-x-bible-freebible.txt	3	aber	54
deu-x-bible-meister.txt	3	aber	54
deu-x-bible-reinhardt1910.txt	3	aber	54
deu-x-bible-schlachter.txt	3	aber	54
deu-x-bible-schlachter2000.txt	3	aber	54
deu-x-bible-tafelbibel.txt	3	aber	54
deu-x-bible-textbibel.txt	3	aber	54
deu-x-bible-zuercher.txt	3	aber	54
dan-x-bible-hverdagsdansk.txt	35	:	55
deu-x-bible-greber.txt	43	:	55
deu-x-bible-hoffnung.txt	31	:	55
deu-x-bible-neue.txt	32	:	55
eng-x-bible-contemporary.txt	26	,	55
nob-x-bible-1988.txt	57	:	55
swe-x-bible-nyalevande.txt	48	:	55
afr-x-bible-viralmal.txt	14	.	56
deu-x-bible-genfer2011.txt	7	.	56
deu-x-bible-greber.txt	13	.	56
deu-x-bible-hoffnung.txt	7	.	56
eng-x-bible-newliving.txt	9	.	56
eng-x-bible-newsimplified.txt	6	.	56
nob-x-bible-1988.txt	12	.	56
eng-x-bible-amplified.txt	13	tell	57
eng-x-bible-clontz.txt	11	tell	57
eng-x-bible-easytoread.txt	15	tell	57
eng-x-bible-etheridge.txt	12	speak	57
eng-x-bible-internationalstandard.txt	12	tell	57
eng-x-bible-new2007.txt	13	tell	57
eng-x-bible-newinternational.txt	12	tell	57
eng-x-bible-treeoflife.txt	12	tell	57
eng-x-bible-worldwide.txt	11	tell	57
dan-x-bible-1931.txt	33	Syne	58
deu-x-bible-zuercher.txt	30	sichtbar	58
nno-x-bible-2011.txt	31	syne	58
nob-x-bible-1985.txt	29	syne	58
nob-x-bible-2007.txt	30	syne	58
nob-x-bible-2011.txt	31	syne	58
nor-x-bible-1930.txt	31	syne	58
nor-x-bible-student.txt	32	synes	58
swe-x-bible-folk1998.txt	30	synligt	58
deu-x-bible-greber.txt	39	er	59
deu-x-bible-hoffnung.txt	26	er	59
deu-x-bible-volxbibel.txt	37	er	59
eng-x-bible-godsword.txt	28	he	59
nob-x-bible-1988.txt	45	han	59
nob-x-bible-1988.txt	50	Han	59
swe-x-bible-nyalevande.txt	39	han	59
swe-x-bible-nyalevande.txt	44	Han	59
afr-x-bible-lewende.txt	31	die	60
eng-x-bible-amplified.txt	27	the	60
eng-x-bible-easytoread.txt	27	the	60
eng-x-bible-internationalstandard.txt	22	the	60
eng-x-bible-newinternational.txt	23	the	60
eng-x-bible-newliving.txt	24	the	60
eng-x-bible-scriptures.txt	21	the	60
eng-x-bible-worldwide.txt	25	the	60
afr-x-bible-boodskap.txt	4	na	61
afr-x-bible-lewende.txt	4	na	61
afr-x-bible-viralmal.txt	10	na	61
eng-x-bible-clontz.txt	8	went	61
eng-x-bible-easytoread.txt	12	went	61
eng-x-bible-internationalstandard.txt	9	went	61
eng-x-bible-lexham.txt	11	went	61
eng-x-bible-newinternational.txt	9	went	61
eng-x-bible-treeoflife.txt	9	went	61
deu-x-bible-luther1545.txt	3	nun	62
deu-x-bible-luther1545letztehand.txt	3	nu	62
deu-x-bible-luther1912.txt	3	nun	62
deu-x-bible-neue.txt	3	schon	62
deu-x-bible-volxbibel.txt	6	jetzt	62
nob-x-bible-1985.txt	3	nå	62
nob-x-bible-1988.txt	16	nå	62
swg-x-bible-swg.txt	3	etze	62
deu-x-bible-hoffnung.txt	29	ein	63
deu-x-bible-volxbibel.txt	40	einen	63
eng-x-bible-newsimplified.txt	25	an	63
nld-x-bible-2007.txt	26	een	63
nob-x-bible-1988.txt	52	et	63
swe-x-bible-folk1998.txt	29	ett	63
isl-x-bible-isl.txt	19	,	64
nno-x-bible-2011.txt	20	,	64
nob-x-bible-1985.txt	18	,	64
nob-x-bible-2007.txt	19	,	64
nob-x-bible-2011.txt	20	,	64
nor-x-bible-1930.txt	20	,	64
afr-x-bible-lewende.txt	11	self	65
deu-x-bible-genfer2011.txt	10	so	65
eng-x-bible-contemporary.txt	8	as	65
nob-x-bible-2007.txt	9	også	65
nob-x-bible-2011.txt	11	også	65
nor-x-bible-1930.txt	9	også	65
swe-x-bible-b2000.txt	8	också	65
afr-x-bible-lewende.txt	26	Jesus	66
afr-x-bible-viralmal.txt	39	Jesus	66
afr-x-bible-viralmal.txt	54	Jesus	66
deu-x-bible-hoffnung.txt	19	Jesus	66
deu-x-bible-neue.txt	27	Jesus	66
eng-x-bible-easytoread.txt	25	knew	66
eng-x-bible-godsword.txt	22	Jesus	66
eng-x-bible-newsimplified.txt	19	Jesus	66
nld-x-bible-2007.txt	18	wel	66
nld-x-bible-2007.txt	25	Jezus	66
afr-x-bible-1983.txt	9	het	67
afr-x-bible-viralmal.txt	16	het	67
afr-x-bible-viralmal.txt	26	gedoen	67
deu-x-bible-tafelbibel.txt	10	tat	67
eng-x-bible-goodnews.txt	10	continued	67
eng-x-bible-worldwide.txt	9	started	67
eng-x-bible-worldwide.txt	17	did	67
nno-x-bible-2011.txt	6	,	68
nob-x-bible-1985.txt	6	,	68
nob-x-bible-2007.txt	6	,	68
nor-x-bible-1930.txt	6	,	68
nor-x-bible-student.txt	6	,	68
afr-x-bible-viralmal.txt	52	.	69
deu-x-bible-hoffnung.txt	23	.	69
deu-x-bible-neue.txt	24	.	69
deu-x-bible-volxbibel.txt	34	.	69
nld-x-bible-2007.txt	22	.	69
nob-x-bible-1988.txt	49	.	69
afr-x-bible-viralmal.txt	40	in	70
deu-x-bible-hoffnung.txt	20	in	70
deu-x-bible-konkordant.txt	33	im	70
deu-x-bible-pattloch.txt	27	im	70
eng-x-bible-etheridge.txt	28	in	70
deu-x-bible-greber.txt	17	in	71
deu-x-bible-menge.txt	16	in	71
deu-x-bible-volxbibel.txt	18	in	71
isl-x-bible-isl.txt	15	í	71
nob-x-bible-1988.txt	31	i	71
deu-x-bible-greber.txt	38	erzählte	72
deu-x-bible-hoffnung.txt	25	erzählte	72
eng-x-bible-godsword.txt	29	used	72
nld-x-bible-2007.txt	24	vertelde	72
nob-x-bible-1988.txt	51	fortalte	72
swe-x-bible-nyalevande.txt	45	berättade	72
afr-x-bible-viralmal.txt	57	hulle	73
deu-x-bible-greber.txt	40	ihnen	73
deu-x-bible-hoffnung.txt	27	ihnen	73
eng-x-bible-newsimplified.txt	22	their	73
nob-x-bible-1988.txt	56	dem	73
swe-x-bible-nyalevande.txt	47	dem	73
afr-x-bible-1953.txt	25	het	74
afr-x-bible-1983.txt	24	het	74
afr-x-bible-boodskap.txt	33	het	74
afr-x-bible-lewende.txt	34	het	74
eng-x-bible-godsword.txt	23	had	74
eng-x-bible-newsimplified.txt	20	responded	74
deu-x-bible-genfer2011.txt	28	bevor	75
deu-x-bible-greber.txt	36	bevor	75
deu-x-bible-hoffnung.txt	28	noch	75
deu-x-bible-neue.txt	28	noch	75
deu-x-bible-volxbibel.txt	39	noch	75
nob-x-bible-1988.txt	53	nytt	75
deu-x-bible-gruenewalder.txt	13	doch	76
deu-x-bible-volxbibel.txt	24	ja	76
eng-x-bible-etheridge.txt	15	;	76
nld-x-bible-statenvertaling.txt	15	;	76
nob-x-bible-1985.txt	12	;	76
swg-x-bible-swg.txt	15	;	76
eng-x-bible-contemporary.txt	15	.	77
eng-x-bible-godsword.txt	20	.	77
eng-x-bible-newreaders.txt	20	.	77
eng-x-bible-newsimplified.txt	18	.	77
deu-x-bible-reinhardt1910.txt	9	fort	78
deu-x-bible-schlachter.txt	9	fort	78
deu-x-bible-schlachter2000.txt	9	fort	78
deu-x-bible-tafelbibel.txt	9	fort	78
deu-x-bible-zuercher.txt	9	fort	78
deu-x-bible-hoffnung.txt	24	Darum	79
deu-x-bible-neue.txt	25	Deshalb	79
nld-x-bible-2007.txt	23	Daarom	79
deu-x-bible-luther1912.txt	5	,	80
isl-x-bible-isl.txt	5	,	80
swe-x-bible-folk1998.txt	5	,	80
deu-x-bible-luther1545letztehand.txt	29	also	81
eng-x-bible-godsword.txt	30	this	81
swe-x-bible-folk1998.txt	31	sätt	81
deu-x-bible-neue.txt	13	die	82
eng-x-bible-godsword.txt	13	the	82
eng-x-bible-newsimplified.txt	10	the	82
deu-x-bible-pattloch.txt	12	,	83
swe-x-bible-b2000.txt	11	,	83
swe-x-bible-folk1998.txt	11	,	83
nld-x-bible-2004.txt	14	,	84
nor-x-bible-1930.txt	13	,	84
nor-x-bible-student.txt	14	,	84
afr-x-bible-viralmal.txt	44	dan	85
dan-x-bible-hverdagsdansk.txt	27	snart	85
nld-x-bible-2004.txt	31	spoedig	85
nob-x-bible-1988.txt	43	så	85
nob-x-bible-1988.txt	44	snart	85
swe-x-bible-nyalevande.txt	37	så	85
swe-x-bible-nyalevande.txt	38	snart	85
afr-x-bible-lewende.txt	47	begin	86
eng-x-bible-newcentury.txt	25	appear	86
eng-x-bible-newliving.txt	32	begin	86
eng-x-bible-worldwide.txt	34	begin	86
dan-x-bible-hverdagsdansk.txt	17	på	87
deu-x-bible-interlinear.txt	16	an	87
nob-x-bible-1988.txt	24	på	87
swe-x-bible-nyalevande.txt	24	på	87
dan-x-bible-frederik.txt	8	blev	88
deu-x-bible-neue.txt	7	war	88
eng-x-bible-contemporary.txt	3	was	88
eng-x-bible-easytoread.txt	8	was	88
afr-x-bible-1983.txt	31	enige	89
afr-x-bible-lewende.txt	44	enige	89
afr-x-bible-lewende.txt	40	skielik	90
eng-x-bible-godsword.txt	19	suddenly	90
dan-x-bible-hverdagsdansk.txt	4	og	91
nob-x-bible-2011.txt	4	og	91
deu-x-bible-genfer2011.txt	26	stehe	92
deu-x-bible-greber.txt	34	stehe	92
deu-x-bible-genfer2011.txt	3	mit	93
deu-x-bible-volxbibel.txt	8	mit	93
deu-x-bible-greber.txt	18	der	94
deu-x-bible-menge.txt	17	der	94
deu-x-bible-greber.txt	10	seine	95
eng-x-bible-montgomery.txt	6	his	95
deu-x-bible-gruenewalder.txt	10	,	96
isl-x-bible-isl.txt	10	,	96
deu-x-bible-luther1545.txt	31	,	97
deu-x-bible-luther1912.txt	30	,	97
deu-x-bible-meister.txt	28	die	98
deu-x-bible-reinhardt1910.txt	29	die	98
deu-x-bible-menge.txt	26	,	99
isl-x-bible-isl.txt	23	,	99
nob-x-bible-1988.txt	18	ganske	100
swe-x-bible-nyalevande.txt	18	ganska	100
nob-x-bible-1988.txt	22	passet	101
swe-x-bible-nyalevande.txt	22	passade	101
nob-x-bible-1988.txt	27	misforståelsen	102
swe-x-bible-nyalevande.txt	28	missuppfattning	102
nob-x-bible-1988.txt	38	begynne	103
swe-x-bible-nyalevande.txt	33	börja	103
nob-x-bible-1988.txt	34	om	104
swe-x-bible-nyalevande.txt	29	om	104
nob-x-bible-1988.txt	41	som	105
swe-x-bible-nyalevande.txt	35	som	105
afr-x-bible-1983.txt	32	oomblik	106
afr-x-bible-boodskap.txt	43	oomblik	106
afr-x-bible-lewende.txt	45	oomblik	106
eng-x-bible-easytoread.txt	33	time	106
afr-x-bible-boodskap.txt	8	luister	107
nob-x-bible-1988.txt	7	nøye	107
swe-x-bible-nyalevande.txt	7	noga	107
dan-x-bible-frederik.txt	10	ved	108
deu-x-bible-neue.txt	5	bei	108
nor-x-bible-student.txt	9	ved	108
afr-x-bible-boodskap.txt	30	van	109
eng-x-bible-amplified.txt	29	of	109
eng-x-bible-contemporary.txt	17	of	109
deu-x-bible-volxbibel.txt	5	dass	110
nds-x-bible-nds.txt	4	daut	110
nld-x-bible-statenvertaling.txt	4	dat	110
deu-x-bible-genfer2011.txt	12	vor	111
deu-x-bible-pattloch.txt	16	vor	111
nno-x-bible-2011.txt	9	fram	111
afr-x-bible-lewende.txt	22	Die	112
deu-x-bible-volxbibel.txt	22	Die	112
eng-x-bible-newreaders.txt	21	The	112
eng-x-bible-amplified.txt	33	to	113
eng-x-bible-newsimplified.txt	21	to	113
deu-x-bible-menge.txt	15	sich	114
swe-x-bible-folk1998.txt	20	sig	114
afr-x-bible-boodskap.txt	31	sy	115
deu-x-bible-genfer2011.txt	17	seine	115
afr-x-bible-lewende.txt	15	volgende	116
dan-x-bible-hverdagsdansk.txt	9	følgende	116
nob-x-bible-1988.txt	42	konge	117
swe-x-bible-nyalevande.txt	36	kung	117
nob-x-bible-1988.txt	4	rundt	118
swe-x-bible-nyalevande.txt	4	runt	118
eng-x-bible-easytoread.txt	32	almost	119
eng-x-bible-goodnews.txt	20	almost	119
