FILENAME	CHUNK_COUNTER	CHUNK	ALIGNNMENT_ID
afr-x-bible-1953.txt	11	julle	1
afr-x-bible-viralmal.txt	14	Julle	1
afr-x-bible-viralmal.txt	22	julle	1
dan-x-bible-1931.txt	8	I	1
dan-x-bible-frederik.txt	9	Eder	1
deu-x-bible-albrecht.txt	9	ihr	1
deu-x-bible-elberfelder1871.txt	10	euch	1
deu-x-bible-elberfelder1905.txt	10	euch	1
deu-x-bible-erben.txt	12	ihr	1
deu-x-bible-erben.txt	13	euch	1
deu-x-bible-freebible.txt	10	euch	1
deu-x-bible-genfer2011.txt	11	ihr	1
deu-x-bible-genfer2011.txt	12	euch	1
deu-x-bible-greber.txt	9	Ihr	1
deu-x-bible-greber.txt	10	sollt	1
deu-x-bible-greber.txt	11	euch	1
deu-x-bible-gruenewalder.txt	7	ihr	1
deu-x-bible-interlinear.txt	10	ihr	1
deu-x-bible-konkordant.txt	11	ihr	1
deu-x-bible-konkordant.txt	12	euch	1
deu-x-bible-luther1545.txt	9	ihr	1
deu-x-bible-luther1545letztehand.txt	9	jr	1
deu-x-bible-luther1912.txt	9	ihr	1
deu-x-bible-meister.txt	10	euch	1
deu-x-bible-meister.txt	14	ihr	1
deu-x-bible-menge.txt	10	ihr	1
deu-x-bible-menge.txt	11	euch	1
deu-x-bible-neue.txt	8	euch	1
deu-x-bible-neue.txt	12	euch	1
deu-x-bible-pattloch.txt	9	eure	1
deu-x-bible-schlachter.txt	9	ihr	1
deu-x-bible-schlachter2000.txt	9	ihr	1
deu-x-bible-schlachter2000.txt	10	euch	1
deu-x-bible-textbibel.txt	10	euch	1
deu-x-bible-textbibel.txt	13	euch	1
deu-x-bible-volxbibel.txt	15	sag	1
deu-x-bible-zuercher.txt	8	ihr	1
eng-x-bible-amplified.txt	10	you	1
eng-x-bible-amplified.txt	17	yourselves	1
eng-x-bible-clontz.txt	9	you	1
eng-x-bible-common.txt	9	you	1
eng-x-bible-darby.txt	11	ye	1
eng-x-bible-diaglot.txt	12	you	1
eng-x-bible-easytoread.txt	8	you	1
eng-x-bible-easytoread.txt	13	You	1
eng-x-bible-etheridge.txt	12	you	1
eng-x-bible-godsword.txt	8	you	1
eng-x-bible-goodnews.txt	10	you	1
eng-x-bible-internationalstandard.txt	8	you	1
eng-x-bible-kingjames.txt	11	ye	1
eng-x-bible-lexham.txt	12	you	1
eng-x-bible-literal.txt	11	you	1
eng-x-bible-livingoracles.txt	14	you	1
eng-x-bible-majority.txt	13	you	1
eng-x-bible-montgomery.txt	9	you	1
eng-x-bible-new2007.txt	8	you	1
eng-x-bible-newcentury.txt	11	you	1
eng-x-bible-newinternational.txt	9	you	1
eng-x-bible-newliving.txt	8	you	1
eng-x-bible-newsimplified.txt	12	you	1
eng-x-bible-scriptures.txt	10	you	1
eng-x-bible-treeoflife.txt	7	you	1
eng-x-bible-worldwide.txt	11	you	1
isl-x-bible-isl.txt	10	yður	1
nds-x-bible-nds.txt	13	jie	1
nld-x-bible-1951.txt	9	gij	1
nld-x-bible-1951.txt	10	u	1
nld-x-bible-2004.txt	9	u	1
nld-x-bible-2007.txt	7	Blijf	1
nld-x-bible-statenvertaling.txt	13	gij	1
nno-x-bible-2011.txt	9	de	1
nob-x-bible-1985.txt	9	dere	1
nob-x-bible-2007.txt	8	dere	1
nob-x-bible-2007.txt	11	dere	1
nob-x-bible-2011.txt	9	dere	1
nor-x-bible-1930.txt	8	I	1
nor-x-bible-1930.txt	10	eder	1
nor-x-bible-student.txt	10	de	1
nor-x-bible-student.txt	12	dykk	1
swe-x-bible-b2000.txt	9	ni	1
swe-x-bible-b2000.txt	11	er	1
swe-x-bible-folk1998.txt	9	ni	1
swe-x-bible-folk1998.txt	11	er	1
swg-x-bible-swg.txt	8	ihr	1
swg-x-bible-swg.txt	9	äich	1
afr-x-bible-1953.txt	2	dit	2
afr-x-bible-1983.txt	3	dit	2
afr-x-bible-lewende.txt	1	Dít	2
afr-x-bible-viralmal.txt	1	Dit	2
afr-x-bible-viralmal.txt	9	hierdie	2
dan-x-bible-1931.txt	3	dette	2
dan-x-bible-frederik.txt	3	dette	2
dan-x-bible-hverdagsdansk.txt	2	det	2
deu-x-bible-albrecht.txt	1	Das	2
deu-x-bible-elberfelder1871.txt	3	dieses	2
deu-x-bible-elberfelder1905.txt	3	dieses	2
deu-x-bible-erben.txt	3	diese	2
deu-x-bible-freebible.txt	3	dieses	2
deu-x-bible-genfer2011.txt	2	das	2
deu-x-bible-greber.txt	1	Diese	2
deu-x-bible-gruenewalder.txt	1	Dies	2
deu-x-bible-hoffnung.txt	1	Das	2
deu-x-bible-interlinear.txt	4	dieses	2
deu-x-bible-konkordant.txt	6	dies	2
deu-x-bible-luther1545.txt	3	das	2
deu-x-bible-luther1545letztehand.txt	3	das	2
deu-x-bible-luther1912.txt	2	das	2
deu-x-bible-meister.txt	2	dieses	2
deu-x-bible-menge.txt	2	dies	2
deu-x-bible-neue.txt	2	das	2
deu-x-bible-pattloch.txt	2	das	2
deu-x-bible-schlachter.txt	3	solches	2
deu-x-bible-schlachter2000.txt	3	dies	2
deu-x-bible-tafelbibel.txt	2	dies	2
deu-x-bible-textbibel.txt	3	dies	2
deu-x-bible-zuercher.txt	2	dies	2
eng-x-bible-amplified.txt	4	these	2
eng-x-bible-clontz.txt	4	these	2
eng-x-bible-common.txt	4	these	2
eng-x-bible-darby.txt	1	These	2
eng-x-bible-darby.txt	2	things	2
eng-x-bible-diaglot.txt	6	these	2
eng-x-bible-easytoread.txt	5	this	2
eng-x-bible-etheridge.txt	8	this	2
eng-x-bible-godsword.txt	5	this	2
eng-x-bible-goodnews.txt	4	these	2
eng-x-bible-internationalstandard.txt	2	these	2
eng-x-bible-kingjames.txt	4	these	2
eng-x-bible-lexham.txt	3	these	2
eng-x-bible-literal.txt	2	these	2
eng-x-bible-livingoracles.txt	5	these	2
eng-x-bible-majority.txt	4	these	2
eng-x-bible-montgomery.txt	3	these	2
eng-x-bible-new2007.txt	3	these	2
eng-x-bible-newcentury.txt	6	this	2
eng-x-bible-newinternational.txt	4	these	2
eng-x-bible-newliving.txt	2	this	2
eng-x-bible-newreaders.txt	1	These	2
eng-x-bible-newsimplified.txt	4	these	2
eng-x-bible-scriptures.txt	5	these	2
eng-x-bible-treeoflife.txt	2	these	2
nds-x-bible-nds.txt	2	dit	2
nld-x-bible-1951.txt	2	dit	2
nld-x-bible-2004.txt	3	dat	2
nld-x-bible-2007.txt	1	Dat	2
nld-x-bible-statenvertaling.txt	3	deze	2
nno-x-bible-2011.txt	1	Dette	2
nob-x-bible-1985.txt	1	Dette	2
nob-x-bible-1988.txt	1	Det	2
nob-x-bible-1988.txt	10	dette	2
nob-x-bible-2007.txt	5	dette	2
nob-x-bible-2011.txt	1	Dette	2
nor-x-bible-1930.txt	5	dette	2
nor-x-bible-student.txt	6	dette	2
swe-x-bible-b2000.txt	4	detta	2
swe-x-bible-folk1998.txt	6	detta	2
swe-x-bible-nyalevande.txt	1	Det	2
swe-x-bible-nyalevande.txt	8	detta	2
swg-x-bible-swg.txt	2	des	2
afr-x-bible-1953.txt	17	onbedags	3
afr-x-bible-1983.txt	12	oorhaastigs	3
afr-x-bible-boodskap.txt	15	onverantwoordeliks	3
afr-x-bible-lewende.txt	14	oorhaastigs	3
dan-x-bible-1931.txt	16	fremfusende	3
dan-x-bible-frederik.txt	16	fortager	3
dan-x-bible-frederik.txt	18	fremfusende	3
dan-x-bible-hverdagsdansk.txt	24	overilede	3
deu-x-bible-albrecht.txt	14	Unbedachtes	3
deu-x-bible-elberfelder1871.txt	17	Übereiltes	3
deu-x-bible-elberfelder1905.txt	17	Übereiltes	3
deu-x-bible-erben.txt	19	Übereiltes	3
deu-x-bible-erben.txt	20	begehen	3
deu-x-bible-freebible.txt	17	Übereiltes	3
deu-x-bible-genfer2011.txt	20	unüberlegten	3
deu-x-bible-genfer2011.txt	21	Handlung	3
deu-x-bible-genfer2011.txt	22	hinreißen	3
deu-x-bible-greber.txt	17	Übereiltes	3
deu-x-bible-gruenewalder.txt	13	Übereiltes	3
deu-x-bible-hoffnung.txt	19	Unüberlegtes	3
deu-x-bible-interlinear.txt	15	Übereiltes	3
deu-x-bible-konkordant.txt	17	voreilig	3
deu-x-bible-luther1545.txt	15	Unbedächtiges	3
deu-x-bible-luther1545letztehand.txt	16	vnbedechtiges	3
deu-x-bible-luther1912.txt	15	Unbedächtiges	3
deu-x-bible-meister.txt	19	voreilig	3
deu-x-bible-menge.txt	17	Übereiltes	3
deu-x-bible-neue.txt	15	unüberlegten	3
deu-x-bible-neue.txt	17	hinreißen	3
deu-x-bible-pattloch.txt	17	Unbesonnenes	3
deu-x-bible-schlachter.txt	14	Übereiltes	3
deu-x-bible-schlachter2000.txt	15	Übereiltes	3
deu-x-bible-tafelbibel.txt	17	Übereiltes	3
deu-x-bible-textbibel.txt	19	überstürzen	3
deu-x-bible-zuercher.txt	13	Übereiltes	3
eng-x-bible-amplified.txt	24	rashly	3
eng-x-bible-clontz.txt	17	rash	3
eng-x-bible-common.txt	16	reckless	3
eng-x-bible-darby.txt	18	headlong	3
eng-x-bible-diaglot.txt	20	rashly	3
eng-x-bible-etheridge.txt	22	haste	3
eng-x-bible-godsword.txt	17	foolish	3
eng-x-bible-goodnews.txt	18	reckless	3
eng-x-bible-internationalstandard.txt	16	reckless	3
eng-x-bible-kingjames.txt	21	rashly	3
eng-x-bible-lexham.txt	18	rash	3
eng-x-bible-literal.txt	25	rash	3
eng-x-bible-livingoracles.txt	25	precipitate	3
eng-x-bible-majority.txt	21	rash	3
eng-x-bible-montgomery.txt	17	reckless	3
eng-x-bible-new2007.txt	16	reckless	3
eng-x-bible-newinternational.txt	18	rash	3
eng-x-bible-newliving.txt	16	rash	3
eng-x-bible-newreaders.txt	14	foolish	3
eng-x-bible-newsimplified.txt	18	rash	3
eng-x-bible-scriptures.txt	19	act	3
eng-x-bible-scriptures.txt	20	rashly	3
eng-x-bible-treeoflife.txt	14	reckless	3
eng-x-bible-worldwide.txt	19	foolish	3
isl-x-bible-isl.txt	18	neinu	3
nds-x-bible-nds.txt	19	Onnbedocht	3
nld-x-bible-1951.txt	16	overijlds	3
nld-x-bible-2004.txt	14	onbezonnen	3
nld-x-bible-2007.txt	13	domme	3
nld-x-bible-statenvertaling.txt	19	onbedachts	3
nno-x-bible-2011.txt	17	brått	3
nob-x-bible-1985.txt	17	overilet	3
nob-x-bible-1988.txt	26	angre	3
nob-x-bible-2007.txt	17	overilet	3
nob-x-bible-2011.txt	17	overilt	3
nor-x-bible-1930.txt	14	foreta	3
nor-x-bible-1930.txt	17	forhastet	3
nor-x-bible-student.txt	18	framfust	3
swe-x-bible-b2000.txt	17	överilat	3
swe-x-bible-folk1998.txt	17	förhastat	3
swe-x-bible-nyalevande.txt	22	ångra	3
swg-x-bible-swg.txt	14	Unibalegtes	3
afr-x-bible-1953.txt	16	niks	4
afr-x-bible-1983.txt	11	iets	4
afr-x-bible-1983.txt	14	nie	4
afr-x-bible-boodskap.txt	14	iets	4
afr-x-bible-boodskap.txt	17	nie	4
afr-x-bible-lewende.txt	13	iets	4
afr-x-bible-lewende.txt	16	nie	4
afr-x-bible-viralmal.txt	27	iets	4
afr-x-bible-viralmal.txt	31	nie	4
dan-x-bible-1931.txt	15	noget	4
dan-x-bible-frederik.txt	15	Intet	4
dan-x-bible-hverdagsdansk.txt	21	eller	4
deu-x-bible-albrecht.txt	13	nichts	4
deu-x-bible-elberfelder1871.txt	16	nichts	4
deu-x-bible-elberfelder1905.txt	16	nichts	4
deu-x-bible-erben.txt	18	nichts	4
deu-x-bible-freebible.txt	16	nichts	4
deu-x-bible-greber.txt	16	nichts	4
deu-x-bible-gruenewalder.txt	12	nichts	4
deu-x-bible-hoffnung.txt	18	nichts	4
deu-x-bible-interlinear.txt	14	nichts	4
deu-x-bible-luther1545.txt	14	nichts	4
deu-x-bible-luther1545letztehand.txt	15	nichts	4
deu-x-bible-luther1912.txt	14	nichts	4
deu-x-bible-meister.txt	18	nichts	4
deu-x-bible-menge.txt	16	nichts	4
deu-x-bible-pattloch.txt	16	nichts	4
deu-x-bible-schlachter.txt	13	nichts	4
deu-x-bible-schlachter2000.txt	14	nichts	4
deu-x-bible-tafelbibel.txt	16	nichts	4
deu-x-bible-textbibel.txt	17	nichts	4
deu-x-bible-zuercher.txt	12	nichts	4
eng-x-bible-amplified.txt	23	nothing	4
eng-x-bible-clontz.txt	16	nothing	4
eng-x-bible-darby.txt	17	nothing	4
eng-x-bible-diaglot.txt	19	nothing	4
eng-x-bible-easytoread.txt	21	anything	4
eng-x-bible-easytoread.txt	22	else	4
eng-x-bible-etheridge.txt	20	nothing	4
eng-x-bible-godsword.txt	16	anything	4
eng-x-bible-goodnews.txt	17	anything	4
eng-x-bible-internationalstandard.txt	15	anything	4
eng-x-bible-kingjames.txt	20	nothing	4
eng-x-bible-lexham.txt	17	nothing	4
eng-x-bible-literal.txt	24	nothing	4
eng-x-bible-livingoracles.txt	22	nothing	4
eng-x-bible-majority.txt	20	nothing	4
eng-x-bible-montgomery.txt	16	nothing	4
eng-x-bible-new2007.txt	15	anything	4
eng-x-bible-newcentury.txt	22	anything	4
eng-x-bible-newinternational.txt	17	anything	4
eng-x-bible-newliving.txt	15	anything	4
eng-x-bible-newreaders.txt	13	anything	4
eng-x-bible-newsimplified.txt	17	nothing	4
eng-x-bible-treeoflife.txt	13	nothing	4
eng-x-bible-worldwide.txt	18	anything	4
nds-x-bible-nds.txt	18	nuscht	4
nld-x-bible-1951.txt	15	niets	4
nld-x-bible-statenvertaling.txt	18	niets	4
nob-x-bible-1985.txt	16	noe	4
nob-x-bible-1988.txt	21	noe	4
nob-x-bible-2007.txt	16	noe	4
nob-x-bible-2011.txt	16	noe	4
nor-x-bible-1930.txt	16	noget	4
nor-x-bible-student.txt	16	noko	4
swe-x-bible-b2000.txt	16	något	4
swe-x-bible-folk1998.txt	16	något	4
swe-x-bible-nyalevande.txt	17	något	4
swg-x-bible-swg.txt	13	nigs	4
afr-x-bible-1953.txt	21	.	5
afr-x-bible-1983.txt	15	.	5
afr-x-bible-boodskap.txt	18	.	5
afr-x-bible-lewende.txt	17	.	5
afr-x-bible-viralmal.txt	32	.	5
dan-x-bible-1931.txt	17	.	5
dan-x-bible-frederik.txt	19	.	5
dan-x-bible-hverdagsdansk.txt	26	.	5
deu-x-bible-albrecht.txt	16	.	5
deu-x-bible-elberfelder1871.txt	20	.	5
deu-x-bible-elberfelder1905.txt	20	.	5
deu-x-bible-erben.txt	21	.	5
deu-x-bible-freebible.txt	20	.	5
deu-x-bible-genfer2011.txt	24	.	5
deu-x-bible-greber.txt	19	.	5
deu-x-bible-gruenewalder.txt	15	.	5
deu-x-bible-hoffnung.txt	20	.	5
deu-x-bible-interlinear.txt	17	.	5
deu-x-bible-konkordant.txt	19	.	5
deu-x-bible-luther1545.txt	17	.	5
deu-x-bible-luther1545letztehand.txt	18	.	5
deu-x-bible-luther1912.txt	17	.	5
deu-x-bible-meister.txt	21	.	5
deu-x-bible-menge.txt	19	.	5
deu-x-bible-neue.txt	18	.	5
deu-x-bible-pattloch.txt	20	.	5
deu-x-bible-schlachter.txt	16	.	5
deu-x-bible-schlachter2000.txt	17	.	5
deu-x-bible-tafelbibel.txt	20	.	5
deu-x-bible-textbibel.txt	20	.	5
deu-x-bible-volxbibel.txt	35	.	5
deu-x-bible-zuercher.txt	15	.	5
eng-x-bible-amplified.txt	25	.	5
eng-x-bible-clontz.txt	18	.	5
eng-x-bible-common.txt	17	.	5
eng-x-bible-darby.txt	19	.	5
eng-x-bible-diaglot.txt	23	.	5
eng-x-bible-easytoread.txt	23	.	5
eng-x-bible-etheridge.txt	23	.	5
eng-x-bible-godsword.txt	18	.	5
eng-x-bible-goodnews.txt	19	.	5
eng-x-bible-internationalstandard.txt	17	.	5
eng-x-bible-kingjames.txt	22	.	5
eng-x-bible-lexham.txt	19	!	5
eng-x-bible-literal.txt	26	.	5
eng-x-bible-livingoracles.txt	27	;	5
eng-x-bible-majority.txt	22	.	5
eng-x-bible-montgomery.txt	18	.	5
eng-x-bible-new2007.txt	17	.	5
eng-x-bible-newcentury.txt	23	.	5
eng-x-bible-newinternational.txt	19	.	5
eng-x-bible-newliving.txt	17	.	5
eng-x-bible-newreaders.txt	15	.	5
eng-x-bible-newsimplified.txt	19	.	5
eng-x-bible-scriptures.txt	21	.	5
eng-x-bible-treeoflife.txt	15	.	5
eng-x-bible-worldwide.txt	20	.	5
isl-x-bible-isl.txt	19	.	5
nds-x-bible-nds.txt	21	.	5
nld-x-bible-1951.txt	19	.	5
nld-x-bible-2004.txt	18	.	5
nld-x-bible-2007.txt	15	.	5
nld-x-bible-statenvertaling.txt	21	.	5
nno-x-bible-2011.txt	19	.	5
nob-x-bible-1985.txt	18	.	5
nob-x-bible-1988.txt	28	.	5
nob-x-bible-2007.txt	18	.	5
nob-x-bible-2011.txt	18	.	5
nor-x-bible-1930.txt	18	.	5
nor-x-bible-student.txt	19	.	5
swe-x-bible-b2000.txt	18	.	5
swe-x-bible-folk1998.txt	18	.	5
swe-x-bible-nyalevande.txt	23	.	5
swg-x-bible-swg.txt	16	.	5
afr-x-bible-1953.txt	19	doen	6
afr-x-bible-1983.txt	13	doen	6
afr-x-bible-boodskap.txt	16	aanvang	6
afr-x-bible-lewende.txt	15	doen	6
afr-x-bible-viralmal.txt	30	doen	6
dan-x-bible-hverdagsdansk.txt	25	handlinger	6
deu-x-bible-albrecht.txt	15	tun	6
deu-x-bible-elberfelder1871.txt	19	tun	6
deu-x-bible-elberfelder1905.txt	19	tun	6
deu-x-bible-freebible.txt	19	tun	6
deu-x-bible-greber.txt	18	tun	6
deu-x-bible-gruenewalder.txt	11	dürft	6
deu-x-bible-gruenewalder.txt	14	tun	6
deu-x-bible-hoffnung.txt	17	tut	6
deu-x-bible-interlinear.txt	16	tut	6
deu-x-bible-konkordant.txt	18	handeln	6
deu-x-bible-luther1545.txt	16	handeln	6
deu-x-bible-luther1545letztehand.txt	17	handeln	6
deu-x-bible-luther1912.txt	16	handeln	6
deu-x-bible-meister.txt	20	verübt	6
deu-x-bible-menge.txt	18	tun	6
deu-x-bible-pattloch.txt	19	tun	6
deu-x-bible-schlachter.txt	15	tun	6
deu-x-bible-schlachter2000.txt	16	tun	6
deu-x-bible-tafelbibel.txt	19	tun	6
deu-x-bible-volxbibel.txt	26	Sachen	6
deu-x-bible-volxbibel.txt	28	genau	6
deu-x-bible-volxbibel.txt	34	tut	6
deu-x-bible-zuercher.txt	14	tun	6
eng-x-bible-amplified.txt	22	do	6
eng-x-bible-clontz.txt	15	do	6
eng-x-bible-darby.txt	16	do	6
eng-x-bible-diaglot.txt	22	do	6
eng-x-bible-easytoread.txt	20	do	6
eng-x-bible-etheridge.txt	19	do	6
eng-x-bible-godsword.txt	15	do	6
eng-x-bible-goodnews.txt	16	do	6
eng-x-bible-internationalstandard.txt	14	do	6
eng-x-bible-kingjames.txt	19	do	6
eng-x-bible-lexham.txt	16	do	6
eng-x-bible-literal.txt	23	do	6
eng-x-bible-livingoracles.txt	21	do	6
eng-x-bible-majority.txt	19	do	6
eng-x-bible-montgomery.txt	15	do	6
eng-x-bible-new2007.txt	14	do	6
eng-x-bible-newcentury.txt	21	do	6
eng-x-bible-newinternational.txt	16	do	6
eng-x-bible-newliving.txt	14	do	6
eng-x-bible-newreaders.txt	12	do	6
eng-x-bible-newsimplified.txt	16	do	6
eng-x-bible-scriptures.txt	17	do	6
eng-x-bible-treeoflife.txt	12	do	6
eng-x-bible-worldwide.txt	17	do	6
nds-x-bible-nds.txt	20	doone	6
nld-x-bible-1951.txt	18	doen	6
nld-x-bible-2004.txt	16	werk	6
nld-x-bible-2007.txt	11	doe	6
nld-x-bible-2007.txt	14	dingen	6
nld-x-bible-statenvertaling.txt	20	doet	6
nob-x-bible-1985.txt	15	gjøre	6
nob-x-bible-2007.txt	15	gjøre	6
nob-x-bible-2011.txt	15	gjøre	6
nor-x-bible-student.txt	15	gjera	6
swe-x-bible-b2000.txt	15	göra	6
swe-x-bible-folk1998.txt	15	göra	6
swg-x-bible-swg.txt	15	doe	6
afr-x-bible-1953.txt	15	en	7
afr-x-bible-1983.txt	9	en	7
afr-x-bible-lewende.txt	11	en	7
afr-x-bible-viralmal.txt	18	en	7
afr-x-bible-viralmal.txt	21	en	7
dan-x-bible-1931.txt	11	og	7
dan-x-bible-frederik.txt	14	og	7
deu-x-bible-albrecht.txt	12	und	7
deu-x-bible-elberfelder1871.txt	15	und	7
deu-x-bible-elberfelder1905.txt	15	und	7
deu-x-bible-erben.txt	17	und	7
deu-x-bible-freebible.txt	15	und	7
deu-x-bible-genfer2011.txt	15	und	7
deu-x-bible-greber.txt	15	und	7
deu-x-bible-gruenewalder.txt	10	und	7
deu-x-bible-hoffnung.txt	16	und	7
deu-x-bible-interlinear.txt	13	und	7
deu-x-bible-konkordant.txt	15	und	7
deu-x-bible-luther1545.txt	13	und	7
deu-x-bible-luther1545letztehand.txt	14	vnd	7
deu-x-bible-luther1912.txt	13	und	7
deu-x-bible-meister.txt	17	und	7
deu-x-bible-menge.txt	15	und	7
deu-x-bible-neue.txt	10	und	7
deu-x-bible-pattloch.txt	15	und	7
deu-x-bible-schlachter.txt	12	und	7
deu-x-bible-schlachter2000.txt	13	und	7
deu-x-bible-tafelbibel.txt	15	und	7
deu-x-bible-textbibel.txt	16	und	7
deu-x-bible-zuercher.txt	11	und	7
eng-x-bible-amplified.txt	21	and	7
eng-x-bible-clontz.txt	14	and	7
eng-x-bible-darby.txt	15	and	7
eng-x-bible-diaglot.txt	18	and	7
eng-x-bible-easytoread.txt	16	and	7
eng-x-bible-etheridge.txt	17	and	7
eng-x-bible-godsword.txt	13	and	7
eng-x-bible-goodnews.txt	14	and	7
eng-x-bible-internationalstandard.txt	12	and	7
eng-x-bible-kingjames.txt	17	and	7
eng-x-bible-lexham.txt	15	and	7
eng-x-bible-literal.txt	21	and	7
eng-x-bible-livingoracles.txt	19	and	7
eng-x-bible-majority.txt	17	and	7
eng-x-bible-montgomery.txt	14	and	7
eng-x-bible-new2007.txt	12	and	7
eng-x-bible-newcentury.txt	17	and	7
eng-x-bible-newinternational.txt	14	and	7
eng-x-bible-newliving.txt	12	and	7
eng-x-bible-newsimplified.txt	15	and	7
eng-x-bible-scriptures.txt	16	and	7
eng-x-bible-treeoflife.txt	11	and	7
eng-x-bible-worldwide.txt	15	and	7
isl-x-bible-isl.txt	14	og	7
nds-x-bible-nds.txt	17	en	7
nld-x-bible-1951.txt	14	en	7
nld-x-bible-2004.txt	12	en	7
nld-x-bible-2007.txt	10	en	7
nld-x-bible-statenvertaling.txt	17	en	7
nno-x-bible-2011.txt	13	og	7
nob-x-bible-1985.txt	13	og	7
nob-x-bible-2007.txt	13	og	7
nob-x-bible-2011.txt	13	og	7
nor-x-bible-1930.txt	12	og	7
nor-x-bible-student.txt	13	og	7
swe-x-bible-b2000.txt	13	och	7
swe-x-bible-folk1998.txt	13	och	7
swg-x-bible-swg.txt	12	un	7
afr-x-bible-1953.txt	12	rustig	8
afr-x-bible-boodskap.txt	11	kalm	8
afr-x-bible-viralmal.txt	17	kalm	8
afr-x-bible-viralmal.txt	19	rustig	8
dan-x-bible-1931.txt	10	rolige	8
dan-x-bible-frederik.txt	12	stille	8
deu-x-bible-elberfelder1871.txt	12	ruhig	8
deu-x-bible-elberfelder1905.txt	12	ruhig	8
deu-x-bible-erben.txt	15	stille	8
deu-x-bible-freebible.txt	12	ruhig	8
deu-x-bible-gruenewalder.txt	8	Ruhe	8
deu-x-bible-interlinear.txt	11	beruhigt	8
deu-x-bible-luther1545.txt	11	stille	8
deu-x-bible-luther1545letztehand.txt	11	stille	8
deu-x-bible-luther1912.txt	11	stille	8
deu-x-bible-meister.txt	15	ruhig	8
deu-x-bible-menge.txt	13	ruhig	8
deu-x-bible-pattloch.txt	12	Ruhe	8
deu-x-bible-schlachter.txt	10	ruhig	8
deu-x-bible-schlachter2000.txt	11	ruhig	8
deu-x-bible-schlachter2000.txt	12	verhalten	8
deu-x-bible-tafelbibel.txt	12	ruhig	8
deu-x-bible-zuercher.txt	9	ruhig	8
eng-x-bible-amplified.txt	14	quiet	8
eng-x-bible-clontz.txt	13	quiet	8
eng-x-bible-common.txt	11	calm	8
eng-x-bible-darby.txt	14	calm	8
eng-x-bible-diaglot.txt	15	quiet	8
eng-x-bible-easytoread.txt	11	quiet	8
eng-x-bible-etheridge.txt	15	silent	8
eng-x-bible-godsword.txt	12	quiet	8
eng-x-bible-goodnews.txt	12	calm	8
eng-x-bible-internationalstandard.txt	11	quiet	8
eng-x-bible-kingjames.txt	15	quiet	8
eng-x-bible-lexham.txt	14	quiet	8
eng-x-bible-livingoracles.txt	17	quiet	8
eng-x-bible-montgomery.txt	13	calm	8
eng-x-bible-new2007.txt	11	quiet	8
eng-x-bible-newcentury.txt	14	quiet	8
eng-x-bible-newinternational.txt	12	calm	8
eng-x-bible-newliving.txt	11	calm	8
eng-x-bible-newreaders.txt	8	calm	8
eng-x-bible-newsimplified.txt	14	calm	8
eng-x-bible-scriptures.txt	14	calm	8
eng-x-bible-treeoflife.txt	10	calm	8
eng-x-bible-worldwide.txt	14	quiet	8
nds-x-bible-nds.txt	14	rühijch	8
nld-x-bible-1951.txt	11	kalm	8
nld-x-bible-2004.txt	10	kalm	8
nld-x-bible-2007.txt	9	kalm	8
nld-x-bible-statenvertaling.txt	14	stil	8
nno-x-bible-2011.txt	12	rolege	8
nob-x-bible-1985.txt	12	rolige	8
nob-x-bible-1988.txt	17	ro	8
nob-x-bible-2007.txt	12	rolige	8
nob-x-bible-2011.txt	12	rolige	8
nor-x-bible-1930.txt	11	rolige	8
swe-x-bible-b2000.txt	12	lugna	8
swe-x-bible-folk1998.txt	12	lugna	8
swe-x-bible-nyalevande.txt	13	lugnt	8
swg-x-bible-swg.txt	10	ruhig	8
afr-x-bible-1953.txt	10	behoort	9
afr-x-bible-viralmal.txt	15	moet	9
dan-x-bible-1931.txt	7	bør	9
dan-x-bible-frederik.txt	7	bør	9
deu-x-bible-albrecht.txt	8	solltet	9
deu-x-bible-erben.txt	11	sollt	9
deu-x-bible-genfer2011.txt	10	müsst	9
deu-x-bible-gruenewalder.txt	6	müßt	9
deu-x-bible-interlinear.txt	6	nötig	9
deu-x-bible-konkordant.txt	10	müßt	9
deu-x-bible-luther1545.txt	8	sollt	9
deu-x-bible-luther1545letztehand.txt	8	solt	9
deu-x-bible-luther1912.txt	8	sollt	9
deu-x-bible-menge.txt	9	solltet	9
deu-x-bible-pattloch.txt	10	Pflicht	9
deu-x-bible-schlachter.txt	8	solltet	9
deu-x-bible-schlachter2000.txt	8	solltet	9
deu-x-bible-tafelbibel.txt	8	gebührt	9
deu-x-bible-zuercher.txt	7	müsst	9
eng-x-bible-amplified.txt	11	ought	9
eng-x-bible-clontz.txt	10	ought	9
eng-x-bible-common.txt	10	must	9
eng-x-bible-darby.txt	9	necessary	9
eng-x-bible-darby.txt	12	should	9
eng-x-bible-diaglot.txt	9	necessary	9
eng-x-bible-easytoread.txt	9	should	9
eng-x-bible-easytoread.txt	14	must	9
eng-x-bible-etheridge.txt	11	behoves	9
eng-x-bible-goodnews.txt	11	must	9
eng-x-bible-internationalstandard.txt	9	must	9
eng-x-bible-kingjames.txt	12	ought	9
eng-x-bible-lexham.txt	10	necessary	9
eng-x-bible-literal.txt	9	necessary	9
eng-x-bible-livingoracles.txt	12	necessary	9
eng-x-bible-majority.txt	11	necessary	9
eng-x-bible-montgomery.txt	10	ought	9
eng-x-bible-new2007.txt	9	must	9
eng-x-bible-newcentury.txt	12	should	9
eng-x-bible-newinternational.txt	10	ought	9
eng-x-bible-newliving.txt	9	should	9
eng-x-bible-scriptures.txt	11	need	9
eng-x-bible-treeoflife.txt	8	must	9
eng-x-bible-worldwide.txt	12	should	9
isl-x-bible-isl.txt	9	ber	9
nds-x-bible-nds.txt	10	needijch	9
nld-x-bible-2004.txt	8	moet	9
nno-x-bible-2011.txt	8	bør	9
nob-x-bible-1985.txt	8	bør	9
nob-x-bible-2007.txt	7	må	9
nob-x-bible-2011.txt	8	bør	9
nor-x-bible-1930.txt	7	må	9
nor-x-bible-student.txt	9	må	9
swe-x-bible-b2000.txt	8	skall	9
swe-x-bible-folk1998.txt	8	bör	9
swg-x-bible-swg.txt	7	solle	9
afr-x-bible-1953.txt	1	Terwyl	10
dan-x-bible-1931.txt	1	Når	10
dan-x-bible-frederik.txt	1	Efterdi	10
deu-x-bible-elberfelder1871.txt	1	Da	10
deu-x-bible-elberfelder1905.txt	1	Da	10
deu-x-bible-erben.txt	1	Da	10
deu-x-bible-freebible.txt	1	Da	10
deu-x-bible-genfer2011.txt	1	Weil	10
deu-x-bible-greber.txt	2	Tatsache	10
deu-x-bible-interlinear.txt	1	Unwidersprochen	10
deu-x-bible-konkordant.txt	4	da	10
deu-x-bible-luther1545.txt	1	Weil	10
deu-x-bible-luther1545letztehand.txt	1	Weil	10
deu-x-bible-luther1912.txt	1	Weil	10
deu-x-bible-meister.txt	1	Da	10
deu-x-bible-menge.txt	1	Da	10
deu-x-bible-neue.txt	1	Weil	10
deu-x-bible-pattloch.txt	1	Weil	10
deu-x-bible-schlachter.txt	1	Da	10
deu-x-bible-schlachter2000.txt	1	Da	10
deu-x-bible-tafelbibel.txt	1	Da	10
deu-x-bible-textbibel.txt	1	Da	10
deu-x-bible-zuercher.txt	1	Da	10
eng-x-bible-amplified.txt	1	Seeing	10
eng-x-bible-clontz.txt	3	since	10
eng-x-bible-common.txt	3	since	10
eng-x-bible-darby.txt	4	being	10
eng-x-bible-diaglot.txt	1	Cannot	10
eng-x-bible-etheridge.txt	1	Therefore	10
eng-x-bible-etheridge.txt	3	since	10
eng-x-bible-internationalstandard.txt	1	Since	10
eng-x-bible-kingjames.txt	1	Seeing	10
eng-x-bible-lexham.txt	2	because	10
eng-x-bible-literal.txt	1	Then	10
eng-x-bible-literal.txt	4	being	10
eng-x-bible-livingoracles.txt	1	Since	10
eng-x-bible-majority.txt	3	since	10
eng-x-bible-montgomery.txt	1	"	10
eng-x-bible-montgomery.txt	2	Since	10
eng-x-bible-new2007.txt	1	So	10
eng-x-bible-new2007.txt	2	because	10
eng-x-bible-newcentury.txt	1	Since	10
eng-x-bible-newinternational.txt	3	since	10
eng-x-bible-newliving.txt	1	Since	10
eng-x-bible-newreaders.txt	2	facts	10
eng-x-bible-newsimplified.txt	1	»	10
eng-x-bible-newsimplified.txt	2	Seeing	10
eng-x-bible-treeoflife.txt	1	Since	10
isl-x-bible-isl.txt	1	Þar	10
nds-x-bible-nds.txt	1	Doa	10
nld-x-bible-1951.txt	1	Daar	10
nld-x-bible-statenvertaling.txt	1	Dewijl	10
nob-x-bible-2007.txt	1	Ettersom	10
nor-x-bible-1930.txt	1	Da	10
nor-x-bible-student.txt	1	Då	10
swe-x-bible-folk1998.txt	1	Eftersom	10
swg-x-bible-swg.txt	1	Wel	10
afr-x-bible-viralmal.txt	2	is	11
dan-x-bible-1931.txt	4	er	11
dan-x-bible-frederik.txt	4	er	11
dan-x-bible-hverdagsdansk.txt	3	er	11
dan-x-bible-hverdagsdansk.txt	13	er	11
deu-x-bible-elberfelder1871.txt	5	ist	11
deu-x-bible-elberfelder1905.txt	5	ist	11
deu-x-bible-freebible.txt	5	ist	11
deu-x-bible-genfer2011.txt	8	ist	11
deu-x-bible-gruenewalder.txt	2	ist	11
deu-x-bible-hoffnung.txt	2	ist	11
deu-x-bible-interlinear.txt	3	ist	11
deu-x-bible-interlinear.txt	7	ist	11
deu-x-bible-konkordant.txt	8	ist	11
deu-x-bible-luther1545.txt	5	ist	11
deu-x-bible-luther1545letztehand.txt	5	ist	11
deu-x-bible-luther1912.txt	5	ist	11
deu-x-bible-meister.txt	5	ist	11
deu-x-bible-meister.txt	8	ist	11
deu-x-bible-menge.txt	7	ist	11
deu-x-bible-neue.txt	5	ist	11
deu-x-bible-pattloch.txt	7	ist	11
deu-x-bible-schlachter.txt	5	ist	11
deu-x-bible-schlachter2000.txt	5	ist	11
deu-x-bible-tafelbibel.txt	5	ist	11
deu-x-bible-textbibel.txt	5	ist	11
deu-x-bible-volxbibel.txt	2	gibt	11
deu-x-bible-zuercher.txt	5	ist	11
eng-x-bible-darby.txt	8	is	11
eng-x-bible-diaglot.txt	11	is	11
eng-x-bible-lexham.txt	9	is	11
eng-x-bible-literal.txt	8	is	11
eng-x-bible-livingoracles.txt	11	is	11
eng-x-bible-majority.txt	10	is	11
eng-x-bible-newcentury.txt	7	is	11
eng-x-bible-newliving.txt	3	is	11
eng-x-bible-newliving.txt	6	fact	11
eng-x-bible-newsimplified.txt	9	is	11
eng-x-bible-worldwide.txt	6	is	11
nds-x-bible-nds.txt	6	es	11
nds-x-bible-nds.txt	8	es	11
nld-x-bible-1951.txt	6	is	11
nld-x-bible-statenvertaling.txt	9	is	11
nob-x-bible-1988.txt	2	er	11
nob-x-bible-1988.txt	6	har	11
swe-x-bible-b2000.txt	2	har	11
swe-x-bible-nyalevande.txt	2	är	11
swe-x-bible-nyalevande.txt	6	har	11
swg-x-bible-swg.txt	5	isch	11
afr-x-bible-1953.txt	5	weerspreek	12
afr-x-bible-1983.txt	4	betwis	12
afr-x-bible-boodskap.txt	4	daarteen	12
afr-x-bible-lewende.txt	5	paal	12
dan-x-bible-1931.txt	5	uimodsigeligt	12
dan-x-bible-frederik.txt	5	uimodsigeligt	12
deu-x-bible-albrecht.txt	5	bestreiten	12
deu-x-bible-elberfelder1871.txt	4	unwidersprechlich	12
deu-x-bible-elberfelder1905.txt	4	unwidersprechlich	12
deu-x-bible-freebible.txt	4	unwidersprechlich	12
deu-x-bible-gruenewalder.txt	3	unbestritten	12
deu-x-bible-hoffnung.txt	4	Tatsache	12
deu-x-bible-luther1545.txt	4	unwidersprechlich	12
deu-x-bible-luther1545letztehand.txt	4	vnwidersprechlich	12
deu-x-bible-luther1912.txt	4	unwidersprechlich	12
deu-x-bible-meister.txt	4	unwidersprechlich	12
deu-x-bible-menge.txt	5	unbestreitbare	12
deu-x-bible-menge.txt	6	Tatsache	12
deu-x-bible-neue.txt	4	unbestreitbar	12
deu-x-bible-pattloch.txt	4	bestreiten	12
deu-x-bible-schlachter.txt	4	unwidersprechlich	12
deu-x-bible-schlachter2000.txt	4	unwidersprechlich	12
deu-x-bible-tafelbibel.txt	4	unwidersprechlich	12
deu-x-bible-textbibel.txt	4	unwidersprechlich	12
deu-x-bible-volxbibel.txt	12	widersprechen	12
deu-x-bible-zuercher.txt	4	unwidersprechlich	12
eng-x-bible-clontz.txt	5	facts	12
eng-x-bible-common.txt	5	facts	12
eng-x-bible-darby.txt	5	undeniable	12
eng-x-bible-godsword.txt	4	deny	12
eng-x-bible-lexham.txt	6	undeniable	12
eng-x-bible-literal.txt	5	undeniable	12
eng-x-bible-montgomery.txt	4	facts	12
eng-x-bible-new2007.txt	4	facts	12
eng-x-bible-newinternational.txt	5	facts	12
eng-x-bible-newliving.txt	5	undeniable	12
nds-x-bible-nds.txt	5	wadaräd	12
nld-x-bible-1951.txt	5	kijf	12
nld-x-bible-2004.txt	4	feit	12
nld-x-bible-2004.txt	5	ontkennen	12
nld-x-bible-statenvertaling.txt	5	onwedersprekelijk	12
nob-x-bible-1985.txt	4	benekte	12
nob-x-bible-2007.txt	4	motsi	12
nob-x-bible-2011.txt	4	benekte	12
nor-x-bible-1930.txt	4	motsier	12
swe-x-bible-folk1998.txt	4	neka	12
afr-x-bible-1953.txt	3	dan	13
dan-x-bible-1931.txt	2	altså	13
dan-x-bible-frederik.txt	2	da	13
dan-x-bible-hverdagsdansk.txt	1	Når	13
deu-x-bible-elberfelder1871.txt	2	nun	13
deu-x-bible-elberfelder1905.txt	2	nun	13
deu-x-bible-erben.txt	2	nun	13
deu-x-bible-freebible.txt	2	nun	13
deu-x-bible-genfer2011.txt	3	nun	13
deu-x-bible-greber.txt	4	daher	13
deu-x-bible-interlinear.txt	2	nun	13
deu-x-bible-konkordant.txt	1	Folglich	13
deu-x-bible-luther1545.txt	2	nun	13
deu-x-bible-luther1545letztehand.txt	2	nu	13
deu-x-bible-luther1912.txt	3	nun	13
deu-x-bible-meister.txt	3	nun	13
deu-x-bible-menge.txt	3	also	13
deu-x-bible-schlachter.txt	2	nun	13
deu-x-bible-schlachter2000.txt	2	nun	13
deu-x-bible-tafelbibel.txt	3	nun	13
deu-x-bible-textbibel.txt	2	nun	13
deu-x-bible-zuercher.txt	3	nun	13
eng-x-bible-amplified.txt	2	then	13
eng-x-bible-clontz.txt	1	Therefore	13
eng-x-bible-common.txt	1	Therefore	13
eng-x-bible-darby.txt	3	therefore	13
eng-x-bible-diaglot.txt	4	therefore	13
eng-x-bible-kingjames.txt	2	then	13
eng-x-bible-lexham.txt	1	Therefore	13
eng-x-bible-livingoracles.txt	3	then	13
eng-x-bible-majority.txt	1	Therefore	13
eng-x-bible-newinternational.txt	1	Therefore	13
eng-x-bible-scriptures.txt	2	Therefore	13
nds-x-bible-nds.txt	3	nü	13
nld-x-bible-1951.txt	3	nu	13
nld-x-bible-statenvertaling.txt	2	dan	13
nor-x-bible-1930.txt	2	nu	13
nor-x-bible-student.txt	2	no	13
swg-x-bible-swg.txt	3	etze	13
afr-x-bible-1953.txt	14	wees	14
afr-x-bible-viralmal.txt	20	wees	14
afr-x-bible-viralmal.txt	25	wees	14
dan-x-bible-1931.txt	9	være	14
dan-x-bible-frederik.txt	11	være	14
dan-x-bible-hverdagsdansk.txt	19	blive	14
deu-x-bible-albrecht.txt	11	bleiben	14
deu-x-bible-elberfelder1871.txt	14	sein	14
deu-x-bible-elberfelder1905.txt	14	sein	14
deu-x-bible-freebible.txt	14	sein	14
deu-x-bible-hoffnung.txt	13	bleibt	14
deu-x-bible-konkordant.txt	14	lassen	14
deu-x-bible-luther1545.txt	12	sein	14
deu-x-bible-luther1545letztehand.txt	12	sein	14
deu-x-bible-luther1912.txt	12	sein	14
deu-x-bible-neue.txt	11	lasst	14
deu-x-bible-schlachter.txt	11	sein	14
deu-x-bible-tafelbibel.txt	14	bleiben	14
deu-x-bible-zuercher.txt	10	sein	14
eng-x-bible-amplified.txt	13	be	14
eng-x-bible-clontz.txt	12	be	14
eng-x-bible-common.txt	15	be	14
eng-x-bible-darby.txt	13	be	14
eng-x-bible-diaglot.txt	17	be	14
eng-x-bible-etheridge.txt	14	be	14
eng-x-bible-godsword.txt	11	be	14
eng-x-bible-internationalstandard.txt	10	be	14
eng-x-bible-kingjames.txt	14	be	14
eng-x-bible-lexham.txt	13	be	14
eng-x-bible-literal.txt	18	be	14
eng-x-bible-livingoracles.txt	16	be	14
eng-x-bible-majority.txt	15	be	14
eng-x-bible-montgomery.txt	12	be	14
eng-x-bible-newcentury.txt	13	be	14
eng-x-bible-newliving.txt	10	stay	14
eng-x-bible-scriptures.txt	13	be	14
eng-x-bible-treeoflife.txt	9	be	14
eng-x-bible-worldwide.txt	13	be	14
isl-x-bible-isl.txt	12	vera	14
nld-x-bible-2004.txt	11	blijven	14
nno-x-bible-2011.txt	11	vera	14
nob-x-bible-1985.txt	11	være	14
nob-x-bible-2011.txt	11	være	14
afr-x-bible-1953.txt	4	nie	15
afr-x-bible-1983.txt	1	Niemand	15
afr-x-bible-boodskap.txt	1	Niemand	15
afr-x-bible-viralmal.txt	6	niemand	15
dan-x-bible-hverdagsdansk.txt	15	ingen	15
deu-x-bible-albrecht.txt	4	niemand	15
deu-x-bible-greber.txt	6	niemand	15
deu-x-bible-hoffnung.txt	9	niemand	15
deu-x-bible-pattloch.txt	3	niemand	15
deu-x-bible-volxbibel.txt	4	nichts	15
deu-x-bible-volxbibel.txt	11	keiner	15
eng-x-bible-easytoread.txt	1	No	15
eng-x-bible-etheridge.txt	4	no	15
eng-x-bible-godsword.txt	1	No	15
eng-x-bible-goodnews.txt	1	Nobody	15
eng-x-bible-newcentury.txt	2	no	15
eng-x-bible-scriptures.txt	1	“	15
eng-x-bible-worldwide.txt	1	No	15
isl-x-bible-isl.txt	3	enginn	15
nds-x-bible-nds.txt	4	ohne	15
nld-x-bible-2004.txt	1	Niemand	15
nld-x-bible-2007.txt	3	geen	15
nno-x-bible-2011.txt	3	ingen	15
nob-x-bible-1985.txt	3	ingen	15
nob-x-bible-1988.txt	3	aldri	15
nob-x-bible-1988.txt	4	noen	15
nob-x-bible-2007.txt	2	ingen	15
nob-x-bible-2011.txt	3	ingen	15
nor-x-bible-1930.txt	3	ingen	15
nor-x-bible-student.txt	3	ingen	15
swe-x-bible-b2000.txt	1	Ingen	15
swe-x-bible-folk1998.txt	2	ingen	15
swe-x-bible-nyalevande.txt	3	aldrig	15
swe-x-bible-nyalevande.txt	4	någon	15
afr-x-bible-1953.txt	20	nie	16
afr-x-bible-1983.txt	10	moenie	16
afr-x-bible-boodskap.txt	13	Moenie	16
afr-x-bible-lewende.txt	12	moenie	16
afr-x-bible-viralmal.txt	23	moenie	16
dan-x-bible-1931.txt	12	ikke	16
deu-x-bible-genfer2011.txt	19	keiner	16
deu-x-bible-konkordant.txt	16	nicht	16
deu-x-bible-neue.txt	14	keiner	16
eng-x-bible-common.txt	14	Don’t	16
eng-x-bible-easytoread.txt	15	stop	16
eng-x-bible-easytoread.txt	17	think	16
eng-x-bible-godsword.txt	14	not	16
eng-x-bible-goodnews.txt	15	not	16
eng-x-bible-internationalstandard.txt	13	not	16
eng-x-bible-new2007.txt	13	not	16
eng-x-bible-newcentury.txt	16	Stop	16
eng-x-bible-newcentury.txt	18	think	16
eng-x-bible-newinternational.txt	15	not	16
eng-x-bible-newliving.txt	13	not	16
eng-x-bible-newreaders.txt	11	Don't	16
eng-x-bible-scriptures.txt	18	not	16
eng-x-bible-worldwide.txt	16	not	16
isl-x-bible-isl.txt	16	ekki	16
nld-x-bible-2004.txt	13	niet	16
nld-x-bible-2007.txt	12	geen	16
nno-x-bible-2011.txt	14	ikkje	16
nob-x-bible-1985.txt	14	ikke	16
nob-x-bible-1988.txt	20	ikke	16
nob-x-bible-2007.txt	14	ikke	16
nob-x-bible-2011.txt	14	ikke	16
nor-x-bible-1930.txt	13	ikke	16
nor-x-bible-student.txt	14	ikkje	16
swe-x-bible-b2000.txt	14	inte	16
swe-x-bible-folk1998.txt	14	inte	16
swe-x-bible-nyalevande.txt	16	inte	16
afr-x-bible-1953.txt	6	kan	17
afr-x-bible-1983.txt	2	kan	17
afr-x-bible-boodskap.txt	2	kan	17
afr-x-bible-viralmal.txt	7	kan	17
dan-x-bible-hverdagsdansk.txt	9	kan	17
deu-x-bible-albrecht.txt	2	kann	17
deu-x-bible-pattloch.txt	5	kann	17
deu-x-bible-volxbibel.txt	3	es	17
eng-x-bible-amplified.txt	6	cannot	17
eng-x-bible-easytoread.txt	3	can	17
eng-x-bible-etheridge.txt	6	can	17
eng-x-bible-godsword.txt	3	can	17
eng-x-bible-goodnews.txt	2	can	17
eng-x-bible-internationalstandard.txt	4	cannot	17
eng-x-bible-kingjames.txt	6	cannot	17
eng-x-bible-montgomery.txt	5	cannot	17
eng-x-bible-newcentury.txt	4	can	17
eng-x-bible-newreaders.txt	3	can't	17
eng-x-bible-worldwide.txt	3	can	17
isl-x-bible-isl.txt	4	má	17
nld-x-bible-2004.txt	2	kan	17
nno-x-bible-2011.txt	2	kan	17
nob-x-bible-1985.txt	2	kan	17
nob-x-bible-2007.txt	3	kan	17
nob-x-bible-2011.txt	2	kan	17
swe-x-bible-folk1998.txt	3	kan	17
afr-x-bible-1953.txt	13	te	18
dan-x-bible-hverdagsdansk.txt	17	til	18
deu-x-bible-elberfelder1871.txt	13	zu	18
deu-x-bible-elberfelder1905.txt	13	zu	18
deu-x-bible-freebible.txt	13	zu	18
deu-x-bible-genfer2011.txt	18	zu	18
deu-x-bible-neue.txt	13	zu	18
deu-x-bible-pattloch.txt	13	zu	18
deu-x-bible-tafelbibel.txt	13	zu	18
deu-x-bible-textbibel.txt	14	zu	18
eng-x-bible-amplified.txt	12	to	18
eng-x-bible-clontz.txt	11	to	18
eng-x-bible-diaglot.txt	16	to	18
eng-x-bible-etheridge.txt	13	to	18
eng-x-bible-godsword.txt	10	to	18
eng-x-bible-kingjames.txt	13	to	18
eng-x-bible-literal.txt	17	to	18
eng-x-bible-livingoracles.txt	15	to	18
eng-x-bible-livingoracles.txt	20	to	18
eng-x-bible-majority.txt	14	to	18
eng-x-bible-montgomery.txt	11	to	18
eng-x-bible-newinternational.txt	11	to	18
eng-x-bible-scriptures.txt	12	to	18
nld-x-bible-1951.txt	12	te	18
afr-x-bible-1953.txt	9	,	19
afr-x-bible-boodskap.txt	8	Word	19
dan-x-bible-hverdagsdansk.txt	11	,	19
deu-x-bible-erben.txt	9	,	19
deu-x-bible-konkordant.txt	9	,	19
deu-x-bible-menge.txt	8	,	19
deu-x-bible-zuercher.txt	6	,	19
eng-x-bible-clontz.txt	8	,	19
eng-x-bible-common.txt	8	,	19
eng-x-bible-etheridge.txt	9	,	19
eng-x-bible-goodnews.txt	9	,	19
eng-x-bible-internationalstandard.txt	7	,	19
eng-x-bible-kingjames.txt	10	,	19
eng-x-bible-literal.txt	12	,	19
eng-x-bible-montgomery.txt	8	,	19
eng-x-bible-new2007.txt	7	,	19
eng-x-bible-newcentury.txt	10	,	19
eng-x-bible-newinternational.txt	8	,	19
eng-x-bible-newliving.txt	7	,	19
eng-x-bible-scriptures.txt	9	,	19
eng-x-bible-treeoflife.txt	6	,	19
isl-x-bible-isl.txt	8	,	19
nob-x-bible-1988.txt	11	,	19
swe-x-bible-folk1998.txt	7	,	19
swe-x-bible-nyalevande.txt	9	,	19
dan-x-bible-hverdagsdansk.txt	12	så	20
deu-x-bible-elberfelder1871.txt	7	so	20
deu-x-bible-elberfelder1905.txt	7	so	20
deu-x-bible-erben.txt	10	so	20
deu-x-bible-freebible.txt	7	so	20
deu-x-bible-greber.txt	5	auch	20
deu-x-bible-gruenewalder.txt	5	Also	20
deu-x-bible-luther1545.txt	7	so	20
deu-x-bible-luther1545letztehand.txt	7	So	20
deu-x-bible-luther1912.txt	7	so	20
deu-x-bible-meister.txt	7	so	20
deu-x-bible-schlachter.txt	7	so	20
deu-x-bible-schlachter2000.txt	7	so	20
deu-x-bible-tafelbibel.txt	7	so	20
deu-x-bible-textbibel.txt	7	so	20
deu-x-bible-volxbibel.txt	10	auch	20
eng-x-bible-easytoread.txt	7	so	20
eng-x-bible-goodnews.txt	8	then	20
eng-x-bible-scriptures.txt	4	if	20
nld-x-bible-statenvertaling.txt	8	zo	20
nob-x-bible-1988.txt	12	så	20
nor-x-bible-student.txt	8	so	20
swe-x-bible-nyalevande.txt	10	så	20
swg-x-bible-swg.txt	4	so	20
dan-x-bible-frederik.txt	8	det	21
deu-x-bible-elberfelder1871.txt	9	es	21
deu-x-bible-elberfelder1905.txt	9	es	21
deu-x-bible-freebible.txt	9	es	21
deu-x-bible-interlinear.txt	8	es	21
deu-x-bible-meister.txt	9	es	21
deu-x-bible-pattloch.txt	8	es	21
deu-x-bible-tafelbibel.txt	9	es	21
deu-x-bible-textbibel.txt	9	es	21
eng-x-bible-darby.txt	7	it	21
eng-x-bible-diaglot.txt	10	it	21
eng-x-bible-etheridge.txt	10	it	21
eng-x-bible-lexham.txt	8	it	21
eng-x-bible-literal.txt	7	it	21
eng-x-bible-livingoracles.txt	10	it	21
eng-x-bible-majority.txt	9	it	21
eng-x-bible-newsimplified.txt	8	it	21
eng-x-bible-worldwide.txt	5	it	21
nds-x-bible-nds.txt	9	daut	21
nld-x-bible-statenvertaling.txt	10	het	21
nob-x-bible-1988.txt	14	det	21
swe-x-bible-nyalevande.txt	12	det	21
afr-x-bible-1953.txt	18	te	22
afr-x-bible-viralmal.txt	26	om	22
afr-x-bible-viralmal.txt	29	te	22
dan-x-bible-hverdagsdansk.txt	23	til	22
deu-x-bible-elberfelder1871.txt	18	zu	22
deu-x-bible-elberfelder1905.txt	18	zu	22
deu-x-bible-freebible.txt	18	zu	22
deu-x-bible-genfer2011.txt	23	lassen	22
deu-x-bible-neue.txt	16	Sache	22
deu-x-bible-pattloch.txt	18	zu	22
deu-x-bible-tafelbibel.txt	18	zu	22
deu-x-bible-textbibel.txt	18	zu	22
eng-x-bible-diaglot.txt	21	to	22
eng-x-bible-etheridge.txt	18	to	22
eng-x-bible-kingjames.txt	18	to	22
eng-x-bible-literal.txt	22	to	22
eng-x-bible-majority.txt	18	to	22
isl-x-bible-isl.txt	17	að	22
nld-x-bible-1951.txt	17	te	22
nld-x-bible-2004.txt	15	te	22
nob-x-bible-1988.txt	25	til	22
swe-x-bible-nyalevande.txt	21	att	22
dan-x-bible-1931.txt	6	,	23
deu-x-bible-genfer2011.txt	9	,	23
deu-x-bible-luther1545.txt	6	,	23
deu-x-bible-luther1912.txt	6	,	23
deu-x-bible-neue.txt	6	,	23
deu-x-bible-schlachter.txt	6	,	23
deu-x-bible-schlachter2000.txt	6	,	23
eng-x-bible-amplified.txt	9	,	23
eng-x-bible-darby.txt	6	,	23
eng-x-bible-diaglot.txt	8	,	23
eng-x-bible-lexham.txt	7	,	23
eng-x-bible-majority.txt	8	,	23
nds-x-bible-nds.txt	7	,	23
nld-x-bible-1951.txt	7	,	23
nld-x-bible-statenvertaling.txt	7	,	23
nob-x-bible-2007.txt	6	,	23
nor-x-bible-1930.txt	6	,	23
nor-x-bible-student.txt	7	,	23
swg-x-bible-swg.txt	6	,	23
afr-x-bible-1983.txt	8	dus	24
afr-x-bible-lewende.txt	10	dus	24
deu-x-bible-albrecht.txt	7	Deshalb	24
deu-x-bible-greber.txt	12	also	24
deu-x-bible-hoffnung.txt	12	Deshalb	24
deu-x-bible-neue.txt	9	also	24
deu-x-bible-volxbibel.txt	14	Darum	24
eng-x-bible-godsword.txt	7	So	24
eng-x-bible-goodnews.txt	7	So	24
eng-x-bible-newreaders.txt	7	So	24
eng-x-bible-worldwide.txt	10	So	24
isl-x-bible-isl.txt	6	því	24
nld-x-bible-2004.txt	7	daarom	24
nld-x-bible-2007.txt	8	dus	24
nno-x-bible-2011.txt	7	difor	24
nob-x-bible-1985.txt	7	derfor	24
nob-x-bible-2011.txt	7	derfor	24
swe-x-bible-b2000.txt	7	därför	24
dan-x-bible-frederik.txt	6	,	25
deu-x-bible-elberfelder1871.txt	6	,	25
deu-x-bible-elberfelder1905.txt	6	,	25
deu-x-bible-freebible.txt	6	,	25
deu-x-bible-hoffnung.txt	5	,	25
deu-x-bible-interlinear.txt	5	,	25
deu-x-bible-meister.txt	6	,	25
deu-x-bible-pattloch.txt	6	,	25
deu-x-bible-tafelbibel.txt	6	,	25
deu-x-bible-textbibel.txt	6	,	25
eng-x-bible-easytoread.txt	6	,	25
nno-x-bible-2011.txt	5	,	25
nob-x-bible-1985.txt	5	,	25
nob-x-bible-2011.txt	5	,	25
swe-x-bible-b2000.txt	5	,	25
afr-x-bible-1983.txt	6	.	26
afr-x-bible-boodskap.txt	7	.	26
afr-x-bible-lewende.txt	8	.	26
afr-x-bible-viralmal.txt	13	.	26
deu-x-bible-albrecht.txt	6	.	26
deu-x-bible-greber.txt	8	.	26
deu-x-bible-gruenewalder.txt	4	.	26
deu-x-bible-volxbibel.txt	13	.	26
eng-x-bible-godsword.txt	6	.	26
eng-x-bible-goodnews.txt	6	.	26
eng-x-bible-newreaders.txt	6	.	26
eng-x-bible-worldwide.txt	9	.	26
nld-x-bible-2007.txt	6	.	26
afr-x-bible-viralmal.txt	10	dinge	27
deu-x-bible-erben.txt	5	Dinge	27
eng-x-bible-amplified.txt	5	things	27
eng-x-bible-diaglot.txt	7	things	27
eng-x-bible-goodnews.txt	5	things	27
eng-x-bible-internationalstandard.txt	3	things	27
eng-x-bible-kingjames.txt	5	things	27
eng-x-bible-lexham.txt	4	things	27
eng-x-bible-literal.txt	3	things	27
eng-x-bible-livingoracles.txt	6	things	27
eng-x-bible-majority.txt	5	things	27
eng-x-bible-newsimplified.txt	5	things	27
eng-x-bible-scriptures.txt	6	matters	27
eng-x-bible-treeoflife.txt	3	things	27
nld-x-bible-statenvertaling.txt	4	dingen	27
nob-x-bible-1988.txt	8	spørsmål	27
deu-x-bible-erben.txt	8	sind	28
eng-x-bible-clontz.txt	6	are	28
eng-x-bible-common.txt	6	are	28
eng-x-bible-diaglot.txt	5	being	28
eng-x-bible-lexham.txt	5	are	28
eng-x-bible-livingoracles.txt	7	are	28
eng-x-bible-majority.txt	6	are	28
eng-x-bible-new2007.txt	5	are	28
eng-x-bible-newinternational.txt	6	are	28
eng-x-bible-newsimplified.txt	6	are	28
eng-x-bible-scriptures.txt	7	are	28
eng-x-bible-treeoflife.txt	4	are	28
nld-x-bible-statenvertaling.txt	6	zijn	28
deu-x-bible-erben.txt	7	unwidersprechlich	29
deu-x-bible-greber.txt	7	bestreiten	29
deu-x-bible-konkordant.txt	7	unbestreitbar	29
deu-x-bible-neue.txt	7	beruhigt	29
eng-x-bible-clontz.txt	7	undeniable	29
eng-x-bible-common.txt	7	undeniable	29
eng-x-bible-montgomery.txt	7	gainsaid	29
eng-x-bible-new2007.txt	6	indisputable	29
eng-x-bible-newinternational.txt	7	undeniable	29
eng-x-bible-newreaders.txt	5	questioned	29
eng-x-bible-newsimplified.txt	7	indisputable	29
eng-x-bible-treeoflife.txt	5	undeniable	29
nld-x-bible-2007.txt	5	ontkennen	29
dan-x-bible-hverdagsdansk.txt	18	at	30
deu-x-bible-erben.txt	16	halten	30
deu-x-bible-gruenewalder.txt	9	bewahren	30
deu-x-bible-pattloch.txt	14	bewahren	30
deu-x-bible-textbibel.txt	15	halten	30
deu-x-bible-volxbibel.txt	25	die	30
eng-x-bible-amplified.txt	16	keep	30
eng-x-bible-new2007.txt	10	keep	30
eng-x-bible-newsimplified.txt	13	keep	30
nld-x-bible-1951.txt	13	houden	30
nob-x-bible-2007.txt	10	holde	30
nor-x-bible-1930.txt	9	holde	30
swe-x-bible-b2000.txt	10	hålla	30
swe-x-bible-folk1998.txt	10	hålla	30
afr-x-bible-1953.txt	7	word	31
deu-x-bible-erben.txt	6	)	31
deu-x-bible-greber.txt	3	wird	31
deu-x-bible-hoffnung.txt	8	wird	31
deu-x-bible-volxbibel.txt	9	wird	31
eng-x-bible-amplified.txt	7	be	31
eng-x-bible-diaglot.txt	2	be	31
eng-x-bible-easytoread.txt	10	be	31
eng-x-bible-internationalstandard.txt	5	be	31
eng-x-bible-kingjames.txt	7	be	31
eng-x-bible-montgomery.txt	6	be	31
eng-x-bible-newreaders.txt	4	be	31
nld-x-bible-2007.txt	2	zal	31
deu-x-bible-elberfelder1871.txt	11	,	32
deu-x-bible-elberfelder1905.txt	11	,	32
deu-x-bible-freebible.txt	11	,	32
deu-x-bible-interlinear.txt	9	,	32
deu-x-bible-meister.txt	12	,	32
deu-x-bible-pattloch.txt	11	,	32
deu-x-bible-tafelbibel.txt	11	,	32
deu-x-bible-textbibel.txt	11	,	32
nds-x-bible-nds.txt	11	,	32
afr-x-bible-lewende.txt	4	'n	33
dan-x-bible-hverdagsdansk.txt	4	en	33
deu-x-bible-genfer2011.txt	5	eine	33
deu-x-bible-hoffnung.txt	3	eine	33
deu-x-bible-menge.txt	4	eine	33
eng-x-bible-easytoread.txt	2	one	33
eng-x-bible-etheridge.txt	5	man	33
eng-x-bible-godsword.txt	2	one	33
eng-x-bible-newcentury.txt	3	one	33
eng-x-bible-newliving.txt	4	an	33
eng-x-bible-worldwide.txt	2	person	33
nld-x-bible-2007.txt	4	mens	33
dan-x-bible-1931.txt	14	eder	34
dan-x-bible-frederik.txt	17	Eder	34
deu-x-bible-genfer2011.txt	17	euch	34
deu-x-bible-interlinear.txt	12	seid	34
deu-x-bible-meister.txt	16	seid	34
deu-x-bible-volxbibel.txt	32	ihr	34
eng-x-bible-easytoread.txt	19	you	34
eng-x-bible-newcentury.txt	20	you	34
nds-x-bible-nds.txt	15	send	34
nld-x-bible-statenvertaling.txt	15	zijt	34
nob-x-bible-1988.txt	23	dere	34
nor-x-bible-1930.txt	15	eder	34
swe-x-bible-nyalevande.txt	19	ni	34
deu-x-bible-konkordant.txt	2	,	35
eng-x-bible-clontz.txt	2	,	35
eng-x-bible-common.txt	2	,	35
eng-x-bible-etheridge.txt	2	,	35
eng-x-bible-majority.txt	2	,	35
eng-x-bible-newinternational.txt	2	,	35
eng-x-bible-scriptures.txt	3	,	35
afr-x-bible-boodskap.txt	12	.	36
deu-x-bible-hoffnung.txt	11	.	36
eng-x-bible-common.txt	13	.	36
eng-x-bible-easytoread.txt	12	.	36
eng-x-bible-newcentury.txt	15	.	36
eng-x-bible-newreaders.txt	10	.	36
nob-x-bible-1988.txt	18	.	36
swe-x-bible-nyalevande.txt	14	.	36
dan-x-bible-frederik.txt	10	at	37
dan-x-bible-hverdagsdansk.txt	14	der	37
deu-x-bible-meister.txt	13	dass	37
eng-x-bible-darby.txt	10	that	37
eng-x-bible-lexham.txt	11	that	37
eng-x-bible-newsimplified.txt	11	that	37
isl-x-bible-isl.txt	11	að	37
nds-x-bible-nds.txt	12	daut	37
nld-x-bible-statenvertaling.txt	12	dat	37
deu-x-bible-volxbibel.txt	31	bevor	38
eng-x-bible-easytoread.txt	18	before	38
eng-x-bible-newcentury.txt	19	before	38
nno-x-bible-2011.txt	16	for	38
nno-x-bible-2011.txt	18	fram	38
nor-x-bible-student.txt	17	for	38
afr-x-bible-1953.txt	8	nie	39
afr-x-bible-1983.txt	5	nie	39
afr-x-bible-boodskap.txt	6	nie	39
afr-x-bible-viralmal.txt	12	nie	39
dan-x-bible-hverdagsdansk.txt	8	ikke	39
eng-x-bible-newcentury.txt	8	not	39
eng-x-bible-worldwide.txt	7	not	39
nld-x-bible-2004.txt	6	;	39
afr-x-bible-boodskap.txt	3	tog	40
afr-x-bible-lewende.txt	2	staan	40
deu-x-bible-albrecht.txt	3	doch	40
eng-x-bible-easytoread.txt	4	deny	40
eng-x-bible-goodnews.txt	3	deny	40
eng-x-bible-newcentury.txt	5	say	40
eng-x-bible-worldwide.txt	4	say	40
nor-x-bible-student.txt	4	segjer	40
swe-x-bible-b2000.txt	3	förnekat	40
afr-x-bible-lewende.txt	3	soos	41
dan-x-bible-hverdagsdansk.txt	7	som	41
eng-x-bible-amplified.txt	3	that	41
eng-x-bible-kingjames.txt	3	that	41
eng-x-bible-newsimplified.txt	3	that	41
isl-x-bible-isl.txt	2	sem	41
nob-x-bible-1988.txt	5	som	41
swe-x-bible-nyalevande.txt	5	som	41
deu-x-bible-hoffnung.txt	6	und	42
nno-x-bible-2011.txt	6	og	42
nob-x-bible-1985.txt	6	og	42
nob-x-bible-2011.txt	6	og	42
swe-x-bible-b2000.txt	6	och	42
eng-x-bible-common.txt	12	down	43
eng-x-bible-goodnews.txt	13	down	43
eng-x-bible-newinternational.txt	13	down	43
eng-x-bible-newreaders.txt	9	down	43
afr-x-bible-boodskap.txt	10	nou	44
afr-x-bible-viralmal.txt	16	nou	44
nno-x-bible-2011.txt	10	no	44
nob-x-bible-1985.txt	10	nå	44
nob-x-bible-2007.txt	9	nå	44
nob-x-bible-2011.txt	10	nå	44
eng-x-bible-amplified.txt	18	in	45
eng-x-bible-etheridge.txt	21	in	45
eng-x-bible-livingoracles.txt	23	in	45
deu-x-bible-elberfelder1871.txt	8	geziemt	46
deu-x-bible-elberfelder1905.txt	8	geziemt	46
deu-x-bible-freebible.txt	8	geziemt	46
deu-x-bible-textbibel.txt	8	ziemt	46
eng-x-bible-newsimplified.txt	10	fitting	46
eng-x-bible-amplified.txt	8	denied	47
eng-x-bible-diaglot.txt	3	denied	47
eng-x-bible-internationalstandard.txt	6	denied	47
nno-x-bible-2011.txt	4	nekta	47
deu-x-bible-luther1545.txt	10	ja	48
deu-x-bible-luther1545letztehand.txt	10	ja	48
deu-x-bible-luther1912.txt	10	ja	48
deu-x-bible-menge.txt	12	ja	48
eng-x-bible-kingjames.txt	9	against	49
isl-x-bible-isl.txt	5	gegn	49
nor-x-bible-student.txt	5	imot	49
dan-x-bible-hverdagsdansk.txt	16	grund	50
eng-x-bible-literal.txt	10	for	50
eng-x-bible-livingoracles.txt	13	for	50
eng-x-bible-majority.txt	12	for	50
deu-x-bible-albrecht.txt	10	ruhig	51
deu-x-bible-genfer2011.txt	13	ruhig	51
deu-x-bible-greber.txt	13	ruhig	51
deu-x-bible-hoffnung.txt	14	ruhig	51
afr-x-bible-boodskap.txt	5	stry	52
afr-x-bible-viralmal.txt	11	stry	52
deu-x-bible-erben.txt	14	fein	53
nld-x-bible-statenvertaling.txt	11	behoorlijk	53
deu-x-bible-hoffnung.txt	7	dem	54
deu-x-bible-volxbibel.txt	8	dem	54
eng-x-bible-diaglot.txt	14	been	55
eng-x-bible-literal.txt	14	been	55
eng-x-bible-diaglot.txt	13	having	56
eng-x-bible-literal.txt	13	having	56
nob-x-bible-1988.txt	22	som	57
swe-x-bible-nyalevande.txt	18	som	57
nob-x-bible-1988.txt	24	kommer	58
swe-x-bible-nyalevande.txt	20	kommer	58
afr-x-bible-viralmal.txt	4	waarheid	59
eng-x-bible-newcentury.txt	9	true	59
eng-x-bible-worldwide.txt	8	true	59
afr-x-bible-1983.txt	7	Bedaar	60
afr-x-bible-lewende.txt	9	Bedaar	60
deu-x-bible-menge.txt	14	verhalten	61
swg-x-bible-swg.txt	11	vuhalte	61
nob-x-bible-1988.txt	13	ta	62
swe-x-bible-nyalevande.txt	11	ta	62
nld-x-bible-2004.txt	17	gaan	63
nno-x-bible-2011.txt	15	fara	63
afr-x-bible-boodskap.txt	9	asseblief	64
deu-x-bible-tafelbibel.txt	10	uns	64
dan-x-bible-1931.txt	13	foretage	65
deu-x-bible-volxbibel.txt	33	irgendwas	65
eng-x-bible-godsword.txt	9	have	66
nld-x-bible-1951.txt	8	hebt	66
nob-x-bible-1988.txt	19	Gjør	67
swe-x-bible-nyalevande.txt	15	Gör	67
