FILENAME	CHUNK_COUNTER	CHUNK	ALIGNNMENT_ID
afr-x-bible-1953.txt	1	ons	1
afr-x-bible-1983.txt	6	ons	1
afr-x-bible-lewende.txt	1	Ons	1
afr-x-bible-lewende.txt	6	ons	1
afr-x-bible-viralmal.txt	3	ons	1
afr-x-bible-viralmal.txt	11	ons	1
dan-x-bible-1931.txt	6	os	1
dan-x-bible-frederik.txt	6	os	1
dan-x-bible-hverdagsdansk.txt	1	Vi	1
deu-x-bible-albrecht.txt	3	wir	1
deu-x-bible-albrecht.txt	12	uns	1
deu-x-bible-elberfelder1871.txt	1	uns	1
deu-x-bible-erben.txt	7	uns	1
deu-x-bible-genfer2011.txt	3	uns	1
deu-x-bible-greber.txt	9	uns	1
deu-x-bible-gruenewalder.txt	5	uns	1
deu-x-bible-hoffnung.txt	6	wir	1
deu-x-bible-hoffnung.txt	11	uns	1
deu-x-bible-interlinear.txt	7	uns	1
deu-x-bible-konkordant.txt	1	uns	1
deu-x-bible-luther1545.txt	7	uns	1
deu-x-bible-luther1545letztehand.txt	7	vns	1
deu-x-bible-luther1912.txt	7	uns	1
deu-x-bible-meister.txt	7	uns	1
deu-x-bible-menge.txt	11	uns	1
deu-x-bible-neue.txt	4	wir	1
deu-x-bible-pattloch.txt	6	uns	1
deu-x-bible-schlachter.txt	7	uns	1
deu-x-bible-schlachter2000.txt	6	uns	1
deu-x-bible-tafelbibel.txt	4	uns	1
deu-x-bible-textbibel.txt	6	uns	1
deu-x-bible-volxbibel.txt	7	uns	1
deu-x-bible-zuercher.txt	6	uns	1
eng-x-bible-amplified.txt	3	ourselves	1
eng-x-bible-books.txt	2	us	1
eng-x-bible-clontz.txt	2	us	1
eng-x-bible-common.txt	1	We	1
eng-x-bible-common.txt	9	We	1
eng-x-bible-darby.txt	1	us	1
eng-x-bible-diaglot.txt	5	us	1
eng-x-bible-easytoread.txt	1	We	1
eng-x-bible-etheridge.txt	3	we	1
eng-x-bible-etheridge.txt	6	ourselves	1
eng-x-bible-godsword.txt	7	us	1
eng-x-bible-goodnews.txt	2	we	1
eng-x-bible-internationalstandard.txt	2	us	1
eng-x-bible-kingjames.txt	2	us	1
eng-x-bible-lexham.txt	1	us	1
eng-x-bible-literal.txt	8	us	1
eng-x-bible-livingoracles.txt	2	us	1
eng-x-bible-majority.txt	2	us	1
eng-x-bible-montgomery.txt	4	we	1
eng-x-bible-new2007.txt	2	us	1
eng-x-bible-newcentury.txt	2	we	1
eng-x-bible-newcentury.txt	12	us	1
eng-x-bible-newinternational.txt	2	us	1
eng-x-bible-newliving.txt	2	we	1
eng-x-bible-newreaders.txt	1	We	1
eng-x-bible-newreaders.txt	9	us	1
eng-x-bible-newreaders.txt	11	We	1
eng-x-bible-newsimplified.txt	1	We	1
eng-x-bible-scriptures.txt	8	us	1
eng-x-bible-treeoflife.txt	2	us	1
isl-x-bible-isl.txt	4	vér	1
nds-x-bible-nds.txt	6	ons	1
nld-x-bible-1951.txt	4	wij	1
nld-x-bible-2004.txt	7	ons	1
nld-x-bible-2007.txt	4	wij	1
nld-x-bible-statenvertaling.txt	8	ons	1
nob-x-bible-1985.txt	2	oss	1
nob-x-bible-1988.txt	11	vi	1
nob-x-bible-2007.txt	10	oss	1
nob-x-bible-2011.txt	2	oss	1
nor-x-bible-1930.txt	9	oss	1
nor-x-bible-student.txt	6	oss	1
swe-x-bible-b2000.txt	8	oss	1
swe-x-bible-folk1998.txt	4	oss	1
swe-x-bible-nyalevande.txt	12	vi	1
swg-x-bible-swg.txt	7	uns	1
swg-x-bible-swg.txt	9	us	1
afr-x-bible-1953.txt	19	heidene	2
afr-x-bible-1983.txt	22	nasies	2
afr-x-bible-boodskap.txt	21	volke	2
afr-x-bible-lewende.txt	24	nie-	2
afr-x-bible-lewende.txt	25	Joodse	2
afr-x-bible-lewende.txt	26	nasies	2
afr-x-bible-viralmal.txt	30	heidene	2
dan-x-bible-1931.txt	16	Hedninger	2
dan-x-bible-frederik.txt	17	Hedninger	2
deu-x-bible-albrecht.txt	24	Heiden	2
deu-x-bible-elberfelder1871.txt	19	Nationen	2
deu-x-bible-elberfelder1905.txt	19	Nationen	2
deu-x-bible-erben.txt	19	Nationen	2
deu-x-bible-freebible.txt	19	Nationen	2
deu-x-bible-genfer2011.txt	19	Völkern	2
deu-x-bible-greber.txt	24	nichtjüdischen	2
deu-x-bible-greber.txt	25	Völkern	2
deu-x-bible-gruenewalder.txt	18	Heiden	2
deu-x-bible-hoffnung.txt	22	Völkern	2
deu-x-bible-interlinear.txt	17	Heiden	2
deu-x-bible-konkordant.txt	22	Nationen	2
deu-x-bible-luther1545.txt	19	Heiden	2
deu-x-bible-luther1545letztehand.txt	19	Heiden	2
deu-x-bible-luther1912.txt	18	Heiden	2
deu-x-bible-meister.txt	18	Heiden	2
deu-x-bible-menge.txt	26	Heiden	2
deu-x-bible-neue.txt	19	Völkern	2
deu-x-bible-pattloch.txt	16	Heidenvölkern	2
deu-x-bible-schlachter.txt	21	Heiden	2
deu-x-bible-schlachter2000.txt	19	Heiden	2
deu-x-bible-tafelbibel.txt	19	Heiden	2
deu-x-bible-textbibel.txt	21	Heiden	2
deu-x-bible-volxbibel.txt	19	Welt	2
deu-x-bible-zuercher.txt	17	Heiden	2
eng-x-bible-amplified.txt	20	Gentiles	2
eng-x-bible-amplified.txt	22	heathen	2
eng-x-bible-books.txt	18	Gentiles	2
eng-x-bible-clontz.txt	18	Gentiles	2
eng-x-bible-common.txt	22	Gentiles	2
eng-x-bible-darby.txt	25	nations	2
eng-x-bible-diaglot.txt	15	Gentiles	2
eng-x-bible-easytoread.txt	22	Jews	2
eng-x-bible-etheridge.txt	21	Gentiles	2
eng-x-bible-godsword.txt	15	not	2
eng-x-bible-goodnews.txt	20	Gentiles	2
eng-x-bible-internationalstandard.txt	17	Gentiles	2
eng-x-bible-kingjames.txt	19	Gentiles	2
eng-x-bible-lexham.txt	16	Gentiles	2
eng-x-bible-literal.txt	17	nations	2
eng-x-bible-livingoracles.txt	19	Gentiles	2
eng-x-bible-majority.txt	17	Gentiles	2
eng-x-bible-montgomery.txt	22	Gentiles	2
eng-x-bible-new2007.txt	18	Gentiles	2
eng-x-bible-newcentury.txt	25	Jews	2
eng-x-bible-newinternational.txt	18	Gentiles	2
eng-x-bible-newliving.txt	17	Gentiles	2
eng-x-bible-newreaders.txt	26	Jews	2
eng-x-bible-newsimplified.txt	22	nations	2
eng-x-bible-scriptures.txt	17	gentiles	2
eng-x-bible-treeoflife.txt	17	Gentiles	2
isl-x-bible-isl.txt	21	heiðingja	2
nds-x-bible-nds.txt	20	Heide	2
nld-x-bible-1951.txt	21	heidenen	2
nld-x-bible-2004.txt	22	volken	2
nld-x-bible-2007.txt	14	volken	2
nld-x-bible-statenvertaling.txt	20	heidenen	2
nno-x-bible-2011.txt	19	heidningane	2
nob-x-bible-1985.txt	22	folk	2
nob-x-bible-1988.txt	25	jøder	2
nob-x-bible-1988.txt	28	folk	2
nob-x-bible-2007.txt	20	hedninger	2
nob-x-bible-2011.txt	20	hedningene	2
nor-x-bible-1930.txt	19	hedninger	2
nor-x-bible-student.txt	17	heidningar	2
swe-x-bible-b2000.txt	16	hedningar	2
swe-x-bible-folk1998.txt	18	hednafolken	2
swe-x-bible-nyalevande.txt	31	folk	2
swg-x-bible-swg.txt	23	Heide	2
afr-x-bible-1953.txt	5	geroep	3
afr-x-bible-1983.txt	23	geroep	3
afr-x-bible-boodskap.txt	25	geroep	3
afr-x-bible-lewende.txt	10	geroep	3
afr-x-bible-viralmal.txt	12	gekies	3
afr-x-bible-viralmal.txt	22	gekies	3
dan-x-bible-1931.txt	3	kaldte	3
dan-x-bible-frederik.txt	4	kaldte	3
deu-x-bible-albrecht.txt	13	berufen	3
deu-x-bible-elberfelder1871.txt	6	berufen	3
deu-x-bible-elberfelder1905.txt	6	berufen	3
deu-x-bible-erben.txt	4	berufen	3
deu-x-bible-freebible.txt	6	berufen	3
deu-x-bible-genfer2011.txt	5	berufen	3
deu-x-bible-greber.txt	10	berufen	3
deu-x-bible-gruenewalder.txt	6	berufen	3
deu-x-bible-hoffnung.txt	23	berufen	3
deu-x-bible-interlinear.txt	6	berufen	3
deu-x-bible-konkordant.txt	6	beruft	3
deu-x-bible-luther1545.txt	3	berufen	3
deu-x-bible-luther1545letztehand.txt	3	beruffen	3
deu-x-bible-luther1912.txt	3	berufen	3
deu-x-bible-meister.txt	8	gerufen	3
deu-x-bible-menge.txt	12	berufen	3
deu-x-bible-neue.txt	20	berufen	3
deu-x-bible-pattloch.txt	3	berief	3
deu-x-bible-schlachter.txt	8	berufen	3
deu-x-bible-schlachter2000.txt	7	berufen	3
deu-x-bible-tafelbibel.txt	6	berufen	3
deu-x-bible-textbibel.txt	7	berufen	3
deu-x-bible-zuercher.txt	8	berufen	3
eng-x-bible-amplified.txt	7	called	3
eng-x-bible-amplified.txt	23	)	3
eng-x-bible-books.txt	7	called	3
eng-x-bible-clontz.txt	6	called	3
eng-x-bible-common.txt	7	called	3
eng-x-bible-contemporary.txt	9	chosen	3
eng-x-bible-darby.txt	7	called	3
eng-x-bible-darby.txt	22	[	3
eng-x-bible-darby.txt	24	]	3
eng-x-bible-diaglot.txt	4	called	3
eng-x-bible-easytoread.txt	9	chose	3
eng-x-bible-etheridge.txt	9	called	3
eng-x-bible-goodnews.txt	7	called	3
eng-x-bible-internationalstandard.txt	7	called	3
eng-x-bible-kingjames.txt	7	called	3
eng-x-bible-lexham.txt	5	called	3
eng-x-bible-literal.txt	4	called	3
eng-x-bible-livingoracles.txt	7	called	3
eng-x-bible-majority.txt	5	called	3
eng-x-bible-montgomery.txt	8	called	3
eng-x-bible-new2007.txt	7	called	3
eng-x-bible-newcentury.txt	8	called	3
eng-x-bible-newcentury.txt	11	called	3
eng-x-bible-newinternational.txt	7	called	3
eng-x-bible-newreaders.txt	8	chosen	3
eng-x-bible-newsimplified.txt	8	called	3
eng-x-bible-scriptures.txt	4	called	3
eng-x-bible-treeoflife.txt	4	called	3
eng-x-bible-worldwide.txt	23	call	3
isl-x-bible-isl.txt	9	kallað	3
nds-x-bible-nds.txt	8	beroope	3
nld-x-bible-1951.txt	8	geroepen	3
nld-x-bible-2004.txt	5	geroepen	3
nld-x-bible-statenvertaling.txt	4	geroepen	3
nno-x-bible-2011.txt	5	kalla	3
nob-x-bible-1985.txt	5	kalt	3
nob-x-bible-1988.txt	17	innbydelsen	3
nob-x-bible-1988.txt	20	tilhøre	3
nob-x-bible-2007.txt	9	kalt	3
nob-x-bible-2011.txt	5	kalt	3
nor-x-bible-1930.txt	6	kalte	3
nor-x-bible-student.txt	4	kalla	3
swe-x-bible-b2000.txt	7	kallat	3
swe-x-bible-folk1998.txt	7	kallat	3
swe-x-bible-nyalevande.txt	19	inbjudan	3
swe-x-bible-nyalevande.txt	22	tillhöra	3
swg-x-bible-swg.txt	11	bruefe	3
afr-x-bible-1953.txt	12	Jode	4
afr-x-bible-1983.txt	14	Jode	4
afr-x-bible-boodskap.txt	6	Jode	4
afr-x-bible-lewende.txt	17	Jode	4
afr-x-bible-viralmal.txt	25	Jode	4
dan-x-bible-1931.txt	11	Jøder	4
dan-x-bible-frederik.txt	12	Jøder	4
deu-x-bible-albrecht.txt	18	Juden	4
deu-x-bible-elberfelder1871.txt	13	Juden	4
deu-x-bible-elberfelder1905.txt	13	Juden	4
deu-x-bible-erben.txt	13	Juden	4
deu-x-bible-freebible.txt	13	Juden	4
deu-x-bible-genfer2011.txt	11	jüdischen	4
deu-x-bible-gruenewalder.txt	12	Juden	4
deu-x-bible-hoffnung.txt	16	jüdischen	4
deu-x-bible-interlinear.txt	12	Juden	4
deu-x-bible-konkordant.txt	14	Juden	4
deu-x-bible-luther1545.txt	13	Juden	4
deu-x-bible-luther1545letztehand.txt	13	Jüden	4
deu-x-bible-luther1912.txt	13	Juden	4
deu-x-bible-meister.txt	13	Juden	4
deu-x-bible-menge.txt	20	Juden	4
deu-x-bible-neue.txt	12	jüdischen	4
deu-x-bible-pattloch.txt	11	Juden	4
deu-x-bible-schlachter.txt	15	Juden	4
deu-x-bible-schlachter2000.txt	13	Juden	4
deu-x-bible-tafelbibel.txt	13	Juden	4
deu-x-bible-textbibel.txt	15	Juden	4
deu-x-bible-volxbibel.txt	11	Juden	4
deu-x-bible-zuercher.txt	12	Juden	4
eng-x-bible-amplified.txt	14	Jews	4
eng-x-bible-books.txt	13	Jews	4
eng-x-bible-clontz.txt	11	Jews	4
eng-x-bible-common.txt	15	Jews	4
eng-x-bible-contemporary.txt	2	Jews	4
eng-x-bible-contemporary.txt	4	Gentiles	4
eng-x-bible-darby.txt	16	Jews	4
eng-x-bible-diaglot.txt	10	Jews	4
eng-x-bible-easytoread.txt	14	Jews	4
eng-x-bible-etheridge.txt	15	Jihudoyee	4
eng-x-bible-godsword.txt	13	Jews	4
eng-x-bible-goodnews.txt	14	Jews	4
eng-x-bible-internationalstandard.txt	13	Jews	4
eng-x-bible-kingjames.txt	12	Jews	4
eng-x-bible-lexham.txt	11	Jews	4
eng-x-bible-literal.txt	11	Jews	4
eng-x-bible-livingoracles.txt	12	Jews	4
eng-x-bible-majority.txt	11	Jews	4
eng-x-bible-montgomery.txt	15	Jews	4
eng-x-bible-new2007.txt	13	Jews	4
eng-x-bible-newcentury.txt	16	Jews	4
eng-x-bible-newinternational.txt	13	Jews	4
eng-x-bible-newliving.txt	13	Jews	4
eng-x-bible-newreaders.txt	18	Jewish	4
eng-x-bible-newsimplified.txt	15	Jews	4
eng-x-bible-scriptures.txt	11	Yehuḏim	4
eng-x-bible-treeoflife.txt	10	Jewish	4
isl-x-bible-isl.txt	15	Gyðinga	4
nds-x-bible-nds.txt	14	Jude	4
nld-x-bible-1951.txt	15	Joden	4
nld-x-bible-2004.txt	14	Joodse	4
nld-x-bible-statenvertaling.txt	14	Joden	4
nno-x-bible-2011.txt	15	jødane	4
nob-x-bible-1985.txt	15	jødene	4
nob-x-bible-2007.txt	15	jøder	4
nob-x-bible-2011.txt	15	jødene	4
nor-x-bible-1930.txt	14	jøder	4
nor-x-bible-student.txt	12	jødar	4
swe-x-bible-b2000.txt	11	sig	4
swe-x-bible-b2000.txt	14	judar	4
swe-x-bible-folk1998.txt	14	judarna	4
swe-x-bible-nyalevande.txt	27	judar	4
swg-x-bible-swg.txt	17	Jude	4
afr-x-bible-1953.txt	8	nie	5
afr-x-bible-1953.txt	13	nie	5
afr-x-bible-1983.txt	10	nie	5
afr-x-bible-1983.txt	15	nie	5
afr-x-bible-boodskap.txt	4	nie	5
afr-x-bible-boodskap.txt	13	nie	5
afr-x-bible-lewende.txt	13	nie	5
afr-x-bible-lewende.txt	18	nie	5
dan-x-bible-1931.txt	8	ikke	5
dan-x-bible-frederik.txt	9	ikke	5
deu-x-bible-albrecht.txt	4	nicht	5
deu-x-bible-albrecht.txt	14	nicht	5
deu-x-bible-elberfelder1871.txt	9	nicht	5
deu-x-bible-elberfelder1905.txt	9	nicht	5
deu-x-bible-erben.txt	9	nicht	5
deu-x-bible-freebible.txt	9	nicht	5
deu-x-bible-genfer2011.txt	7	nicht	5
deu-x-bible-greber.txt	14	nicht	5
deu-x-bible-gruenewalder.txt	8	nicht	5
deu-x-bible-hoffnung.txt	12	nicht	5
deu-x-bible-interlinear.txt	9	nicht	5
deu-x-bible-konkordant.txt	8	nicht	5
deu-x-bible-luther1545.txt	9	nicht	5
deu-x-bible-luther1545letztehand.txt	9	Nicht	5
deu-x-bible-luther1912.txt	9	nicht	5
deu-x-bible-meister.txt	10	nicht	5
deu-x-bible-menge.txt	16	nicht	5
deu-x-bible-neue.txt	8	nicht	5
deu-x-bible-pattloch.txt	8	nicht	5
deu-x-bible-schlachter.txt	11	nicht	5
deu-x-bible-schlachter2000.txt	9	nicht	5
deu-x-bible-tafelbibel.txt	9	nicht	5
deu-x-bible-textbibel.txt	11	nicht	5
deu-x-bible-zuercher.txt	9	nicht	5
eng-x-bible-amplified.txt	9	not	5
eng-x-bible-books.txt	9	not	5
eng-x-bible-clontz.txt	8	not	5
eng-x-bible-common.txt	10	don’t	5
eng-x-bible-darby.txt	9	not	5
eng-x-bible-diaglot.txt	7	not	5
eng-x-bible-easytoread.txt	10	not	5
eng-x-bible-etheridge.txt	11	not	5
eng-x-bible-goodnews.txt	9	not	5
eng-x-bible-internationalstandard.txt	9	not	5
eng-x-bible-kingjames.txt	9	not	5
eng-x-bible-lexham.txt	7	not	5
eng-x-bible-literal.txt	6	not	5
eng-x-bible-livingoracles.txt	9	not	5
eng-x-bible-majority.txt	7	not	5
eng-x-bible-montgomery.txt	10	not	5
eng-x-bible-new2007.txt	9	not	5
eng-x-bible-newcentury.txt	13	not	5
eng-x-bible-newinternational.txt	9	not	5
eng-x-bible-newreaders.txt	12	do	5
eng-x-bible-newreaders.txt	13	not	5
eng-x-bible-newsimplified.txt	10	not	5
eng-x-bible-scriptures.txt	6	not	5
eng-x-bible-treeoflife.txt	6	not	5
eng-x-bible-worldwide.txt	16	not	5
eng-x-bible-worldwide.txt	32	not	5
isl-x-bible-isl.txt	11	ekki	5
nds-x-bible-nds.txt	10	nijch	5
nld-x-bible-1951.txt	11	niet	5
nld-x-bible-2004.txt	10	niet	5
nld-x-bible-statenvertaling.txt	10	niet	5
nno-x-bible-2011.txt	12	ikkje	5
nob-x-bible-1985.txt	12	ikke	5
nob-x-bible-2007.txt	12	ikke	5
nob-x-bible-2011.txt	12	ikke	5
nor-x-bible-1930.txt	11	ikke	5
nor-x-bible-student.txt	9	ikkje	5
swe-x-bible-folk1998.txt	11	inte	5
swg-x-bible-swg.txt	13	nit	5
afr-x-bible-1953.txt	16	ook	6
afr-x-bible-1983.txt	18	ook	6
afr-x-bible-boodskap.txt	17	ook	6
afr-x-bible-lewende.txt	21	ook	6
afr-x-bible-viralmal.txt	27	ook	6
dan-x-bible-1931.txt	14	også	6
dan-x-bible-frederik.txt	15	ogsaa	6
deu-x-bible-albrecht.txt	21	auch	6
deu-x-bible-elberfelder1871.txt	16	auch	6
deu-x-bible-elberfelder1905.txt	16	auch	6
deu-x-bible-erben.txt	16	auch	6
deu-x-bible-freebible.txt	16	auch	6
deu-x-bible-genfer2011.txt	15	auch	6
deu-x-bible-greber.txt	21	auch	6
deu-x-bible-gruenewalder.txt	15	auch	6
deu-x-bible-interlinear.txt	15	auch	6
deu-x-bible-konkordant.txt	17	auch	6
deu-x-bible-luther1545.txt	16	auch	6
deu-x-bible-luther1545letztehand.txt	16	auch	6
deu-x-bible-luther1912.txt	15	auch	6
deu-x-bible-meister.txt	16	auch	6
deu-x-bible-menge.txt	23	auch	6
deu-x-bible-neue.txt	16	auch	6
deu-x-bible-pattloch.txt	14	auch	6
deu-x-bible-schlachter.txt	18	auch	6
deu-x-bible-schlachter2000.txt	16	auch	6
deu-x-bible-tafelbibel.txt	16	auch	6
deu-x-bible-textbibel.txt	18	auch	6
deu-x-bible-zuercher.txt	15	auch	6
eng-x-bible-amplified.txt	16	also	6
eng-x-bible-books.txt	15	also	6
eng-x-bible-clontz.txt	15	also	6
eng-x-bible-common.txt	18	also	6
eng-x-bible-contemporary.txt	8	those	6
eng-x-bible-darby.txt	19	also	6
eng-x-bible-diaglot.txt	13	also	6
eng-x-bible-easytoread.txt	16	also	6
eng-x-bible-etheridge.txt	18	also	6
eng-x-bible-goodnews.txt	16	also	6
eng-x-bible-internationalstandard.txt	18	as	6
eng-x-bible-internationalstandard.txt	19	well	6
eng-x-bible-kingjames.txt	16	also	6
eng-x-bible-lexham.txt	13	also	6
eng-x-bible-literal.txt	14	also	6
eng-x-bible-livingoracles.txt	16	also	6
eng-x-bible-majority.txt	14	also	6
eng-x-bible-montgomery.txt	18	also	6
eng-x-bible-new2007.txt	15	also	6
eng-x-bible-newcentury.txt	19	also	6
eng-x-bible-newinternational.txt	15	also	6
eng-x-bible-newliving.txt	10	both	6
eng-x-bible-newsimplified.txt	18	also	6
eng-x-bible-scriptures.txt	14	also	6
eng-x-bible-treeoflife.txt	14	also	6
nds-x-bible-nds.txt	17	uck	6
nld-x-bible-1951.txt	18	ook	6
nld-x-bible-statenvertaling.txt	17	ook	6
nno-x-bible-2011.txt	20	òg	6
nob-x-bible-1985.txt	18	også	6
nob-x-bible-1988.txt	23	både	6
nob-x-bible-2007.txt	18	også	6
nob-x-bible-2011.txt	18	også	6
nor-x-bible-1930.txt	17	også	6
nor-x-bible-student.txt	15	og	6
swe-x-bible-folk1998.txt	16	också	6
swe-x-bible-nyalevande.txt	25	både	6
swg-x-bible-swg.txt	20	au	6
afr-x-bible-1953.txt	17	uit	7
afr-x-bible-1983.txt	19	uit	7
afr-x-bible-lewende.txt	22	uit	7
afr-x-bible-viralmal.txt	23	uit	7
afr-x-bible-viralmal.txt	28	uit	7
dan-x-bible-1931.txt	15	af	7
dan-x-bible-frederik.txt	16	af	7
dan-x-bible-hverdagsdansk.txt	17	af	7
deu-x-bible-albrecht.txt	22	aus	7
deu-x-bible-elberfelder1871.txt	17	aus	7
deu-x-bible-elberfelder1905.txt	17	aus	7
deu-x-bible-erben.txt	17	aus	7
deu-x-bible-freebible.txt	17	aus	7
deu-x-bible-genfer2011.txt	16	aus	7
deu-x-bible-greber.txt	22	aus	7
deu-x-bible-gruenewalder.txt	16	aus	7
deu-x-bible-hoffnung.txt	20	aus	7
deu-x-bible-interlinear.txt	16	aus	7
deu-x-bible-konkordant.txt	18	aus	7
deu-x-bible-luther1545.txt	17	aus	7
deu-x-bible-luther1545letztehand.txt	17	aus	7
deu-x-bible-luther1912.txt	16	aus	7
deu-x-bible-meister.txt	17	aus	7
deu-x-bible-menge.txt	24	aus	7
deu-x-bible-neue.txt	17	aus	7
deu-x-bible-pattloch.txt	15	aus	7
deu-x-bible-schlachter.txt	19	aus	7
deu-x-bible-schlachter2000.txt	17	aus	7
deu-x-bible-tafelbibel.txt	17	aus	7
deu-x-bible-textbibel.txt	19	aus	7
deu-x-bible-volxbibel.txt	15	aus	7
deu-x-bible-zuercher.txt	16	aus	7
eng-x-bible-amplified.txt	17	from	7
eng-x-bible-books.txt	16	from	7
eng-x-bible-clontz.txt	16	from	7
eng-x-bible-common.txt	20	from	7
eng-x-bible-darby.txt	20	from	7
eng-x-bible-diaglot.txt	14	from	7
eng-x-bible-easytoread.txt	17	from	7
eng-x-bible-etheridge.txt	19	of	7
eng-x-bible-goodnews.txt	17	from	7
eng-x-bible-internationalstandard.txt	15	from	7
eng-x-bible-kingjames.txt	17	of	7
eng-x-bible-lexham.txt	14	from	7
eng-x-bible-literal.txt	15	out	7
eng-x-bible-literal.txt	16	of	7
eng-x-bible-livingoracles.txt	17	of	7
eng-x-bible-majority.txt	15	of	7
eng-x-bible-montgomery.txt	19	from	7
eng-x-bible-new2007.txt	16	from	7
eng-x-bible-newcentury.txt	20	from	7
eng-x-bible-newinternational.txt	16	from	7
eng-x-bible-newliving.txt	15	from	7
eng-x-bible-newreaders.txt	22	of	7
eng-x-bible-newsimplified.txt	19	from	7
eng-x-bible-scriptures.txt	15	of	7
eng-x-bible-treeoflife.txt	15	from	7
isl-x-bible-isl.txt	19	úr	7
nds-x-bible-nds.txt	18	üt	7
nld-x-bible-1951.txt	19	uit	7
nld-x-bible-2004.txt	16	afkomstig	7
nld-x-bible-2004.txt	20	uit	7
nld-x-bible-2007.txt	12	uit	7
nld-x-bible-statenvertaling.txt	18	uit	7
nob-x-bible-2007.txt	19	av	7
nor-x-bible-1930.txt	18	av	7
nor-x-bible-student.txt	16	av	7
swe-x-bible-folk1998.txt	17	från	7
swg-x-bible-swg.txt	21	üs	7
afr-x-bible-1953.txt	15	maar	8
afr-x-bible-1983.txt	17	maar	8
afr-x-bible-boodskap.txt	15	Nee	8
afr-x-bible-lewende.txt	20	maar	8
dan-x-bible-1931.txt	13	men	8
dan-x-bible-frederik.txt	14	men	8
deu-x-bible-albrecht.txt	20	sondern	8
deu-x-bible-elberfelder1871.txt	15	sondern	8
deu-x-bible-elberfelder1905.txt	15	sondern	8
deu-x-bible-erben.txt	15	sondern	8
deu-x-bible-freebible.txt	15	sondern	8
deu-x-bible-genfer2011.txt	14	sondern	8
deu-x-bible-greber.txt	20	sondern	8
deu-x-bible-gruenewalder.txt	14	sondern	8
deu-x-bible-hoffnung.txt	19	sondern	8
deu-x-bible-interlinear.txt	14	sondern	8
deu-x-bible-konkordant.txt	16	sondern	8
deu-x-bible-luther1545.txt	15	sondern	8
deu-x-bible-luther1545letztehand.txt	15	sondern	8
deu-x-bible-luther1912.txt	14	sondern	8
deu-x-bible-meister.txt	15	sondern	8
deu-x-bible-menge.txt	22	sondern	8
deu-x-bible-neue.txt	15	sondern	8
deu-x-bible-pattloch.txt	13	sondern	8
deu-x-bible-schlachter.txt	17	sondern	8
deu-x-bible-schlachter2000.txt	15	sondern	8
deu-x-bible-tafelbibel.txt	15	sondern	8
deu-x-bible-textbibel.txt	17	sondern	8
deu-x-bible-zuercher.txt	14	sondern	8
eng-x-bible-amplified.txt	15	but	8
eng-x-bible-books.txt	14	but	8
eng-x-bible-clontz.txt	14	but	8
eng-x-bible-common.txt	16	but	8
eng-x-bible-darby.txt	18	but	8
eng-x-bible-diaglot.txt	12	but	8
eng-x-bible-easytoread.txt	15	but	8
eng-x-bible-etheridge.txt	17	but	8
eng-x-bible-goodnews.txt	15	but	8
eng-x-bible-internationalstandard.txt	14	but	8
eng-x-bible-kingjames.txt	15	but	8
eng-x-bible-lexham.txt	12	but	8
eng-x-bible-literal.txt	13	but	8
eng-x-bible-livingoracles.txt	15	but	8
eng-x-bible-majority.txt	13	but	8
eng-x-bible-montgomery.txt	17	but	8
eng-x-bible-new2007.txt	14	but	8
eng-x-bible-newcentury.txt	18	but	8
eng-x-bible-newinternational.txt	14	but	8
eng-x-bible-newsimplified.txt	17	but	8
eng-x-bible-scriptures.txt	13	but	8
eng-x-bible-treeoflife.txt	13	but	8
eng-x-bible-worldwide.txt	20	But	8
eng-x-bible-worldwide.txt	36	but	8
isl-x-bible-isl.txt	17	heldur	8
nds-x-bible-nds.txt	16	oba	8
nld-x-bible-1951.txt	17	maar	8
nld-x-bible-2004.txt	19	maar	8
nld-x-bible-2007.txt	10	maar	8
nld-x-bible-statenvertaling.txt	16	maar	8
nno-x-bible-2011.txt	17	men	8
nob-x-bible-1985.txt	17	men	8
nob-x-bible-2007.txt	17	men	8
nob-x-bible-2011.txt	17	men	8
nor-x-bible-1930.txt	16	men	8
nor-x-bible-student.txt	14	men	8
swe-x-bible-folk1998.txt	15	utan	8
swg-x-bible-swg.txt	19	sundern	8
afr-x-bible-1953.txt	4	Hy	9
afr-x-bible-1983.txt	9	Hy	9
afr-x-bible-lewende.txt	9	Hy	9
afr-x-bible-viralmal.txt	1	Hy	9
afr-x-bible-viralmal.txt	19	Hy	9
dan-x-bible-1931.txt	4	han	9
dan-x-bible-frederik.txt	2	han	9
deu-x-bible-albrecht.txt	11	er	9
deu-x-bible-elberfelder1871.txt	4	er	9
deu-x-bible-elberfelder1905.txt	4	er	9
deu-x-bible-erben.txt	2	er	9
deu-x-bible-freebible.txt	4	er	9
deu-x-bible-greber.txt	7	er	9
deu-x-bible-gruenewalder.txt	3	er	9
deu-x-bible-hoffnung.txt	9	er	9
deu-x-bible-interlinear.txt	5	er	9
deu-x-bible-konkordant.txt	4	Er	9
deu-x-bible-luther1545.txt	2	er	9
deu-x-bible-luther1545letztehand.txt	2	er	9
deu-x-bible-luther1912.txt	2	er	9
deu-x-bible-meister.txt	5	Er	9
deu-x-bible-menge.txt	9	er	9
deu-x-bible-neue.txt	7	er	9
deu-x-bible-pattloch.txt	4	er	9
deu-x-bible-schlachter.txt	2	er	9
deu-x-bible-schlachter2000.txt	4	er	9
deu-x-bible-tafelbibel.txt	3	Er	9
deu-x-bible-textbibel.txt	2	er	9
deu-x-bible-zuercher.txt	5	er	9
eng-x-bible-amplified.txt	5	He	9
eng-x-bible-books.txt	5	he	9
eng-x-bible-clontz.txt	4	he	9
eng-x-bible-darby.txt	4	he	9
eng-x-bible-diaglot.txt	3	he	9
eng-x-bible-godsword.txt	9	he	9
eng-x-bible-goodnews.txt	6	he	9
eng-x-bible-internationalstandard.txt	5	he	9
eng-x-bible-kingjames.txt	5	he	9
eng-x-bible-lexham.txt	3	he	9
eng-x-bible-literal.txt	2	He	9
eng-x-bible-livingoracles.txt	5	he	9
eng-x-bible-majority.txt	4	He	9
eng-x-bible-montgomery.txt	6	he	9
eng-x-bible-new2007.txt	5	he	9
eng-x-bible-newcentury.txt	10	He	9
eng-x-bible-newinternational.txt	5	he	9
eng-x-bible-newliving.txt	7	he	9
eng-x-bible-newreaders.txt	6	He	9
eng-x-bible-newsimplified.txt	5	he	9
eng-x-bible-scriptures.txt	3	He	9
eng-x-bible-treeoflife.txt	3	He	9
isl-x-bible-isl.txt	7	hann	9
nds-x-bible-nds.txt	5	hee	9
nld-x-bible-1951.txt	7	Hij	9
nld-x-bible-2004.txt	3	hij	9
nld-x-bible-2007.txt	6	Niet	9
nld-x-bible-statenvertaling.txt	2	Hij	9
nno-x-bible-2011.txt	4	han	9
nob-x-bible-1985.txt	4	han	9
nob-x-bible-2007.txt	7	han	9
nob-x-bible-2011.txt	4	han	9
nor-x-bible-1930.txt	7	han	9
nor-x-bible-student.txt	5	han	9
swe-x-bible-b2000.txt	6	han	9
swe-x-bible-folk1998.txt	5	han	9
swg-x-bible-swg.txt	3	da	9
swg-x-bible-swg.txt	5	er	9
afr-x-bible-1953.txt	9	alleen	10
afr-x-bible-1983.txt	11	net	10
afr-x-bible-lewende.txt	14	net	10
dan-x-bible-1931.txt	9	alene	10
dan-x-bible-frederik.txt	10	alene	10
deu-x-bible-albrecht.txt	15	nur	10
deu-x-bible-elberfelder1871.txt	10	allein	10
deu-x-bible-elberfelder1905.txt	10	allein	10
deu-x-bible-erben.txt	10	nur	10
deu-x-bible-freebible.txt	10	allein	10
deu-x-bible-genfer2011.txt	8	nur	10
deu-x-bible-greber.txt	15	nur	10
deu-x-bible-gruenewalder.txt	9	nur	10
deu-x-bible-hoffnung.txt	13	nur	10
deu-x-bible-interlinear.txt	10	nur	10
deu-x-bible-konkordant.txt	9	allein	10
deu-x-bible-luther1545.txt	10	allein	10
deu-x-bible-luther1545letztehand.txt	10	alleine	10
deu-x-bible-luther1912.txt	10	allein	10
deu-x-bible-meister.txt	11	nur	10
deu-x-bible-menge.txt	17	nur	10
deu-x-bible-neue.txt	9	nur	10
deu-x-bible-pattloch.txt	9	nur	10
deu-x-bible-schlachter.txt	12	allein	10
deu-x-bible-schlachter2000.txt	10	allein	10
deu-x-bible-tafelbibel.txt	10	bloß	10
deu-x-bible-textbibel.txt	12	nur	10
deu-x-bible-zuercher.txt	10	nur	10
eng-x-bible-amplified.txt	10	only	10
eng-x-bible-books.txt	10	only	10
eng-x-bible-clontz.txt	12	only	10
eng-x-bible-common.txt	12	only	10
eng-x-bible-darby.txt	10	only	10
eng-x-bible-diaglot.txt	8	only	10
eng-x-bible-easytoread.txt	11	only	10
eng-x-bible-etheridge.txt	12	only	10
eng-x-bible-goodnews.txt	10	only	10
eng-x-bible-internationalstandard.txt	10	only	10
eng-x-bible-kingjames.txt	13	only	10
eng-x-bible-lexham.txt	8	only	10
eng-x-bible-literal.txt	7	only	10
eng-x-bible-livingoracles.txt	13	only	10
eng-x-bible-majority.txt	8	only	10
eng-x-bible-montgomery.txt	11	only	10
eng-x-bible-new2007.txt	10	only	10
eng-x-bible-newcentury.txt	17	only	10
eng-x-bible-newinternational.txt	10	only	10
eng-x-bible-newreaders.txt	15	only	10
eng-x-bible-newsimplified.txt	11	only	10
eng-x-bible-scriptures.txt	7	only	10
eng-x-bible-treeoflife.txt	7	only	10
isl-x-bible-isl.txt	12	aðeins	10
nds-x-bible-nds.txt	11	bloos	10
nld-x-bible-1951.txt	12	alleen	10
nld-x-bible-2004.txt	11	alleen	10
nld-x-bible-2007.txt	7	alleen	10
nld-x-bible-statenvertaling.txt	11	alleen	10
nno-x-bible-2011.txt	13	berre	10
nob-x-bible-1985.txt	13	bare	10
nob-x-bible-2007.txt	13	bare	10
nob-x-bible-2011.txt	13	bare	10
nor-x-bible-1930.txt	12	bare	10
nor-x-bible-student.txt	10	berre	10
swe-x-bible-folk1998.txt	12	endast	10
swg-x-bible-swg.txt	14	ällei	10
afr-x-bible-1953.txt	10	uit	11
afr-x-bible-1983.txt	12	uit	11
afr-x-bible-boodskap.txt	19	uit	11
afr-x-bible-lewende.txt	15	uit	11
dan-x-bible-1931.txt	10	af	11
dan-x-bible-frederik.txt	11	af	11
deu-x-bible-albrecht.txt	16	aus	11
deu-x-bible-elberfelder1871.txt	11	aus	11
deu-x-bible-elberfelder1905.txt	11	aus	11
deu-x-bible-erben.txt	11	aus	11
deu-x-bible-freebible.txt	11	aus	11
deu-x-bible-genfer2011.txt	9	aus	11
deu-x-bible-greber.txt	16	aus	11
deu-x-bible-gruenewalder.txt	10	aus	11
deu-x-bible-hoffnung.txt	14	aus	11
deu-x-bible-interlinear.txt	11	aus	11
deu-x-bible-konkordant.txt	10	aus	11
deu-x-bible-luther1545.txt	11	aus	11
deu-x-bible-luther1545letztehand.txt	11	aus	11
deu-x-bible-luther1912.txt	11	aus	11
deu-x-bible-meister.txt	12	aus	11
deu-x-bible-menge.txt	18	aus	11
deu-x-bible-neue.txt	10	aus	11
deu-x-bible-pattloch.txt	10	aus	11
deu-x-bible-schlachter.txt	13	aus	11
deu-x-bible-schlachter2000.txt	11	aus	11
deu-x-bible-tafelbibel.txt	11	aus	11
deu-x-bible-textbibel.txt	13	aus	11
deu-x-bible-zuercher.txt	11	aus	11
eng-x-bible-amplified.txt	11	from	11
eng-x-bible-books.txt	11	from	11
eng-x-bible-clontz.txt	9	from	11
eng-x-bible-common.txt	13	from	11
eng-x-bible-darby.txt	11	from	11
eng-x-bible-diaglot.txt	9	from	11
eng-x-bible-easytoread.txt	12	from	11
eng-x-bible-goodnews.txt	11	from	11
eng-x-bible-internationalstandard.txt	11	from	11
eng-x-bible-lexham.txt	9	from	11
eng-x-bible-montgomery.txt	12	from	11
eng-x-bible-new2007.txt	11	from	11
eng-x-bible-newcentury.txt	14	from	11
eng-x-bible-newinternational.txt	11	from	11
eng-x-bible-newliving.txt	11	from	11
eng-x-bible-newreaders.txt	16	from	11
eng-x-bible-newsimplified.txt	12	from	11
eng-x-bible-treeoflife.txt	8	from	11
isl-x-bible-isl.txt	13	úr	11
nds-x-bible-nds.txt	12	üt	11
nld-x-bible-1951.txt	13	uit	11
nld-x-bible-2004.txt	12	uit	11
nld-x-bible-statenvertaling.txt	12	uit	11
nob-x-bible-2007.txt	14	av	11
nor-x-bible-1930.txt	13	av	11
nor-x-bible-student.txt	11	av	11
swe-x-bible-folk1998.txt	13	från	11
swg-x-bible-swg.txt	15	üs	11
afr-x-bible-1983.txt	5	ook	12
afr-x-bible-viralmal.txt	4	ook	12
dan-x-bible-1931.txt	5	også	12
dan-x-bible-frederik.txt	3	og	12
deu-x-bible-elberfelder1871.txt	5	auch	12
deu-x-bible-elberfelder1905.txt	5	auch	12
deu-x-bible-erben.txt	3	auch	12
deu-x-bible-freebible.txt	5	auch	12
deu-x-bible-genfer2011.txt	4	auch	12
deu-x-bible-greber.txt	8	auch	12
deu-x-bible-gruenewalder.txt	4	auch	12
deu-x-bible-hoffnung.txt	5	auch	12
deu-x-bible-interlinear.txt	3	auch	12
deu-x-bible-konkordant.txt	5	auch	12
deu-x-bible-meister.txt	6	auch	12
deu-x-bible-menge.txt	10	auch	12
deu-x-bible-pattloch.txt	5	auch	12
deu-x-bible-schlachter.txt	6	auch	12
deu-x-bible-schlachter2000.txt	5	auch	12
deu-x-bible-tafelbibel.txt	5	auch	12
deu-x-bible-volxbibel.txt	6	auch	12
deu-x-bible-zuercher.txt	7	auch	12
eng-x-bible-amplified.txt	1	Even	12
eng-x-bible-books.txt	1	even	12
eng-x-bible-books.txt	6	also	12
eng-x-bible-clontz.txt	1	even	12
eng-x-bible-darby.txt	6	also	12
eng-x-bible-diaglot.txt	2	even	12
eng-x-bible-internationalstandard.txt	6	also	12
eng-x-bible-kingjames.txt	1	Even	12
eng-x-bible-lexham.txt	4	also	12
eng-x-bible-literal.txt	3	also	12
eng-x-bible-livingoracles.txt	1	even	12
eng-x-bible-majority.txt	1	even	12
eng-x-bible-new2007.txt	1	even	12
eng-x-bible-newinternational.txt	1	even	12
eng-x-bible-newinternational.txt	6	also	12
eng-x-bible-newsimplified.txt	7	also	12
eng-x-bible-scriptures.txt	1	even	12
eng-x-bible-treeoflife.txt	1	Even	12
nds-x-bible-nds.txt	7	uck	12
nld-x-bible-2004.txt	4	ook	12
nld-x-bible-statenvertaling.txt	3	ook	12
nno-x-bible-2011.txt	2	òg	12
nob-x-bible-1985.txt	1	Også	12
nob-x-bible-2007.txt	8	også	12
nob-x-bible-2011.txt	1	Også	12
nor-x-bible-1930.txt	8	også	12
afr-x-bible-1953.txt	6	het	13
afr-x-bible-lewende.txt	11	het	13
afr-x-bible-viralmal.txt	10	het	13
dan-x-bible-hverdagsdansk.txt	8	har	13
deu-x-bible-albrecht.txt	10	hat	13
deu-x-bible-elberfelder1871.txt	7	hat	13
deu-x-bible-elberfelder1905.txt	7	hat	13
deu-x-bible-erben.txt	5	hat	13
deu-x-bible-freebible.txt	7	hat	13
deu-x-bible-genfer2011.txt	2	hat	13
deu-x-bible-greber.txt	6	hat	13
deu-x-bible-gruenewalder.txt	7	hat	13
deu-x-bible-hoffnung.txt	10	hat	13
deu-x-bible-interlinear.txt	4	hat	13
deu-x-bible-luther1545.txt	4	hat	13
deu-x-bible-luther1545letztehand.txt	4	hat	13
deu-x-bible-luther1912.txt	4	hat	13
deu-x-bible-meister.txt	4	hat	13
deu-x-bible-menge.txt	8	hat	13
deu-x-bible-schlachter.txt	9	hat	13
deu-x-bible-schlachter2000.txt	3	hat	13
deu-x-bible-tafelbibel.txt	7	hat	13
deu-x-bible-textbibel.txt	8	hat	13
deu-x-bible-volxbibel.txt	4	hat	13
deu-x-bible-zuercher.txt	4	hat	13
eng-x-bible-amplified.txt	6	has	13
eng-x-bible-clontz.txt	5	has	13
eng-x-bible-common.txt	6	has	13
eng-x-bible-darby.txt	5	has	13
eng-x-bible-godsword.txt	5	did	13
eng-x-bible-kingjames.txt	6	hath	13
eng-x-bible-livingoracles.txt	6	has	13
eng-x-bible-montgomery.txt	7	has	13
eng-x-bible-new2007.txt	6	has	13
eng-x-bible-newreaders.txt	7	has	13
eng-x-bible-newsimplified.txt	6	has	13
eng-x-bible-worldwide.txt	6	ago	13
eng-x-bible-worldwide.txt	13	says	13
isl-x-bible-isl.txt	8	hefur	13
nds-x-bible-nds.txt	4	haft	13
nld-x-bible-1951.txt	9	heeft	13
nld-x-bible-2004.txt	2	heeft	13
nld-x-bible-statenvertaling.txt	5	heeft	13
nno-x-bible-2011.txt	3	har	13
nob-x-bible-1985.txt	3	har	13
nob-x-bible-1988.txt	13	har	13
nob-x-bible-2007.txt	6	har	13
nob-x-bible-2011.txt	3	har	13
swe-x-bible-b2000.txt	5	har	13
swe-x-bible-folk1998.txt	6	har	13
swe-x-bible-nyalevande.txt	14	har	13
swg-x-bible-swg.txt	2	het	13
afr-x-bible-1953.txt	11	die	14
afr-x-bible-1983.txt	13	die	14
afr-x-bible-lewende.txt	16	die	14
deu-x-bible-albrecht.txt	17	den	14
deu-x-bible-elberfelder1871.txt	12	den	14
deu-x-bible-elberfelder1905.txt	12	den	14
deu-x-bible-erben.txt	12	den	14
deu-x-bible-freebible.txt	12	den	14
deu-x-bible-genfer2011.txt	10	dem	14
deu-x-bible-greber.txt	17	dem	14
deu-x-bible-gruenewalder.txt	11	den	14
deu-x-bible-hoffnung.txt	15	dem	14
deu-x-bible-konkordant.txt	12	den	14
deu-x-bible-luther1545.txt	12	den	14
deu-x-bible-luther1545letztehand.txt	12	den	14
deu-x-bible-luther1912.txt	12	den	14
deu-x-bible-menge.txt	19	den	14
deu-x-bible-neue.txt	11	dem	14
deu-x-bible-schlachter.txt	14	den	14
deu-x-bible-schlachter2000.txt	12	den	14
deu-x-bible-tafelbibel.txt	12	den	14
deu-x-bible-textbibel.txt	14	den	14
deu-x-bible-volxbibel.txt	10	den	14
deu-x-bible-volxbibel.txt	13	den	14
eng-x-bible-amplified.txt	13	the	14
eng-x-bible-books.txt	12	the	14
eng-x-bible-clontz.txt	10	the	14
eng-x-bible-common.txt	14	the	14
eng-x-bible-darby.txt	14	the	14
eng-x-bible-easytoread.txt	13	the	14
eng-x-bible-etheridge.txt	14	the	14
eng-x-bible-goodnews.txt	13	the	14
eng-x-bible-internationalstandard.txt	12	the	14
eng-x-bible-kingjames.txt	11	the	14
eng-x-bible-lexham.txt	10	the	14
eng-x-bible-livingoracles.txt	11	the	14
eng-x-bible-majority.txt	10	the	14
eng-x-bible-montgomery.txt	14	the	14
eng-x-bible-new2007.txt	12	the	14
eng-x-bible-newcentury.txt	15	the	14
eng-x-bible-newinternational.txt	12	the	14
eng-x-bible-newliving.txt	12	the	14
eng-x-bible-newreaders.txt	17	the	14
eng-x-bible-newsimplified.txt	14	the	14
eng-x-bible-scriptures.txt	10	the	14
eng-x-bible-treeoflife.txt	9	the	14
isl-x-bible-isl.txt	14	flokki	14
nds-x-bible-nds.txt	13	de	14
nld-x-bible-1951.txt	14	de	14
nld-x-bible-statenvertaling.txt	13	de	14
swg-x-bible-swg.txt	16	d	14
afr-x-bible-1953.txt	18	die	15
afr-x-bible-1983.txt	20	die	15
afr-x-bible-lewende.txt	23	die	15
afr-x-bible-viralmal.txt	24	die	15
afr-x-bible-viralmal.txt	29	die	15
dan-x-bible-hverdagsdansk.txt	19	afstamning	15
deu-x-bible-albrecht.txt	23	den	15
deu-x-bible-elberfelder1871.txt	18	den	15
deu-x-bible-elberfelder1905.txt	18	den	15
deu-x-bible-erben.txt	18	den	15
deu-x-bible-freebible.txt	18	den	15
deu-x-bible-genfer2011.txt	17	den	15
deu-x-bible-greber.txt	23	den	15
deu-x-bible-gruenewalder.txt	17	den	15
deu-x-bible-konkordant.txt	20	den	15
deu-x-bible-luther1545.txt	18	den	15
deu-x-bible-luther1545letztehand.txt	18	den	15
deu-x-bible-luther1912.txt	17	den	15
deu-x-bible-menge.txt	25	den	15
deu-x-bible-schlachter.txt	20	den	15
deu-x-bible-schlachter2000.txt	18	den	15
deu-x-bible-tafelbibel.txt	18	den	15
deu-x-bible-textbibel.txt	20	den	15
deu-x-bible-volxbibel.txt	16	dem	15
deu-x-bible-volxbibel.txt	18	der	15
eng-x-bible-amplified.txt	19	the	15
eng-x-bible-books.txt	17	the	15
eng-x-bible-clontz.txt	17	the	15
eng-x-bible-common.txt	21	the	15
eng-x-bible-contemporary.txt	10	ones	15
eng-x-bible-darby.txt	23	the	15
eng-x-bible-etheridge.txt	20	the	15
eng-x-bible-goodnews.txt	19	the	15
eng-x-bible-internationalstandard.txt	16	the	15
eng-x-bible-kingjames.txt	18	the	15
eng-x-bible-lexham.txt	15	the	15
eng-x-bible-livingoracles.txt	18	the	15
eng-x-bible-majority.txt	16	the	15
eng-x-bible-montgomery.txt	21	the	15
eng-x-bible-new2007.txt	17	the	15
eng-x-bible-newinternational.txt	17	the	15
eng-x-bible-newliving.txt	16	the	15
eng-x-bible-newsimplified.txt	21	the	15
eng-x-bible-scriptures.txt	16	the	15
eng-x-bible-treeoflife.txt	16	the	15
eng-x-bible-worldwide.txt	42	the	15
isl-x-bible-isl.txt	20	flokki	15
nds-x-bible-nds.txt	19	de	15
nld-x-bible-1951.txt	20	de	15
nld-x-bible-statenvertaling.txt	19	de	15
swe-x-bible-nyalevande.txt	29	bland	15
swg-x-bible-swg.txt	22	d	15
afr-x-bible-1953.txt	3	wat	16
afr-x-bible-1983.txt	8	wat	16
afr-x-bible-lewende.txt	8	wie	16
dan-x-bible-frederik.txt	1	hvilke	16
dan-x-bible-hverdagsdansk.txt	5	dem	16
dan-x-bible-hverdagsdansk.txt	7	som	16
deu-x-bible-elberfelder1871.txt	3	die	16
deu-x-bible-elberfelder1905.txt	3	die	16
deu-x-bible-erben.txt	1	welche	16
deu-x-bible-freebible.txt	3	die	16
deu-x-bible-konkordant.txt	3	die	16
deu-x-bible-luther1545.txt	1	welche	16
deu-x-bible-luther1912.txt	1	welche	16
deu-x-bible-neue.txt	6	die	16
deu-x-bible-schlachter.txt	1	wie	16
deu-x-bible-tafelbibel.txt	2	welche	16
deu-x-bible-textbibel.txt	1	wie	16
eng-x-bible-amplified.txt	4	whom	16
eng-x-bible-books.txt	4	whom	16
eng-x-bible-clontz.txt	3	whom	16
eng-x-bible-common.txt	4	ones	16
eng-x-bible-contemporary.txt	3	or	16
eng-x-bible-darby.txt	3	whom	16
eng-x-bible-diaglot.txt	1	whom	16
eng-x-bible-easytoread.txt	3	those	16
eng-x-bible-easytoread.txt	7	ones	16
eng-x-bible-etheridge.txt	1	who	16
eng-x-bible-godsword.txt	3	what	16
eng-x-bible-godsword.txt	8	whom	16
eng-x-bible-internationalstandard.txt	4	whom	16
eng-x-bible-kingjames.txt	4	whom	16
eng-x-bible-lexham.txt	2	whom	16
eng-x-bible-literal.txt	1	whom	16
eng-x-bible-livingoracles.txt	4	whom	16
eng-x-bible-majority.txt	3	whom	16
eng-x-bible-montgomery.txt	5	whom	16
eng-x-bible-new2007.txt	4	whom	16
eng-x-bible-newcentury.txt	4	those	16
eng-x-bible-newcentury.txt	6	whom	16
eng-x-bible-newinternational.txt	4	whom	16
eng-x-bible-newliving.txt	5	those	16
eng-x-bible-newliving.txt	6	whom	16
eng-x-bible-newreaders.txt	3	those	16
eng-x-bible-scriptures.txt	2	whom	16
isl-x-bible-isl.txt	6	sem	16
nld-x-bible-1951.txt	6	die	16
nld-x-bible-2004.txt	9	die	16
nob-x-bible-1988.txt	2	som	16
nob-x-bible-1988.txt	12	som	16
swe-x-bible-nyalevande.txt	3	som	16
swe-x-bible-nyalevande.txt	13	som	16
afr-x-bible-1983.txt	25	.	17
afr-x-bible-boodskap.txt	31	.	17
afr-x-bible-lewende.txt	27	.	17
afr-x-bible-viralmal.txt	31	.	17
dan-x-bible-frederik.txt	18	!	17
dan-x-bible-hverdagsdansk.txt	22	.	17
deu-x-bible-albrecht.txt	25	.	17
deu-x-bible-elberfelder1871.txt	20	.	17
deu-x-bible-elberfelder1905.txt	20	.	17
deu-x-bible-erben.txt	20	;	17
deu-x-bible-freebible.txt	20	.	17
deu-x-bible-greber.txt	26	.	17
deu-x-bible-gruenewalder.txt	19	.	17
deu-x-bible-hoffnung.txt	24	.	17
deu-x-bible-konkordant.txt	23	.	17
deu-x-bible-luther1545.txt	20	.	17
deu-x-bible-luther1545letztehand.txt	20	.	17
deu-x-bible-luther1912.txt	19	.	17
deu-x-bible-meister.txt	19	.	17
deu-x-bible-neue.txt	22	.	17
deu-x-bible-schlachter2000.txt	20	;	17
deu-x-bible-tafelbibel.txt	20	.	17
deu-x-bible-volxbibel.txt	20	.	17
eng-x-bible-common.txt	23	.	17
eng-x-bible-diaglot.txt	16	.	17
eng-x-bible-easytoread.txt	23	.	17
eng-x-bible-etheridge.txt	22	:	17
eng-x-bible-godsword.txt	16	.	17
eng-x-bible-goodnews.txt	21	.	17
eng-x-bible-literal.txt	18	.	17
eng-x-bible-livingoracles.txt	20	.	17
eng-x-bible-montgomery.txt	23	.	17
eng-x-bible-newcentury.txt	26	.	17
eng-x-bible-newliving.txt	18	.	17
eng-x-bible-newreaders.txt	27	.	17
eng-x-bible-newsimplified.txt	23	.	17
eng-x-bible-worldwide.txt	46	.	17
isl-x-bible-isl.txt	22	.	17
nds-x-bible-nds.txt	21	.	17
nld-x-bible-2007.txt	15	.	17
nld-x-bible-statenvertaling.txt	21	.	17
nno-x-bible-2011.txt	21	.	17
nob-x-bible-1985.txt	23	.	17
nob-x-bible-1988.txt	29	.	17
nob-x-bible-2007.txt	21	.	17
nob-x-bible-2011.txt	21	.	17
swe-x-bible-b2000.txt	17	.	17
swe-x-bible-folk1998.txt	19	.	17
swe-x-bible-nyalevande.txt	32	.	17
swg-x-bible-swg.txt	24	.	17
afr-x-bible-1953.txt	14	,	18
afr-x-bible-lewende.txt	19	,	18
dan-x-bible-1931.txt	12	,	18
dan-x-bible-frederik.txt	13	,	18
deu-x-bible-elberfelder1871.txt	14	,	18
deu-x-bible-elberfelder1905.txt	14	,	18
deu-x-bible-erben.txt	14	,	18
deu-x-bible-freebible.txt	14	,	18
deu-x-bible-greber.txt	19	,	18
deu-x-bible-gruenewalder.txt	13	,	18
deu-x-bible-interlinear.txt	13	,	18
deu-x-bible-luther1545.txt	14	,	18
deu-x-bible-meister.txt	14	,	18
deu-x-bible-menge.txt	21	,	18
deu-x-bible-pattloch.txt	12	,	18
deu-x-bible-schlachter2000.txt	14	,	18
deu-x-bible-tafelbibel.txt	14	,	18
deu-x-bible-textbibel.txt	16	,	18
deu-x-bible-zuercher.txt	13	,	18
eng-x-bible-clontz.txt	13	,	18
eng-x-bible-darby.txt	17	,	18
eng-x-bible-diaglot.txt	11	,	18
eng-x-bible-etheridge.txt	16	,	18
eng-x-bible-kingjames.txt	14	,	18
eng-x-bible-literal.txt	12	,	18
eng-x-bible-majority.txt	12	,	18
eng-x-bible-montgomery.txt	16	,	18
eng-x-bible-newsimplified.txt	16	,	18
eng-x-bible-scriptures.txt	12	,	18
eng-x-bible-treeoflife.txt	12	,	18
isl-x-bible-isl.txt	16	,	18
nds-x-bible-nds.txt	15	,	18
nld-x-bible-1951.txt	16	,	18
nld-x-bible-statenvertaling.txt	15	,	18
nob-x-bible-1985.txt	16	,	18
nor-x-bible-student.txt	13	,	18
afr-x-bible-lewende.txt	12	,	19
dan-x-bible-1931.txt	7	,	19
dan-x-bible-frederik.txt	8	,	19
deu-x-bible-elberfelder1871.txt	8	,	19
deu-x-bible-elberfelder1905.txt	8	,	19
deu-x-bible-erben.txt	8	,	19
deu-x-bible-freebible.txt	8	,	19
deu-x-bible-greber.txt	11	,	19
deu-x-bible-interlinear.txt	8	,	19
deu-x-bible-luther1545.txt	8	,	19
deu-x-bible-luther1912.txt	8	,	19
deu-x-bible-menge.txt	13	,	19
deu-x-bible-pattloch.txt	7	,	19
deu-x-bible-schlachter.txt	10	,	19
deu-x-bible-schlachter2000.txt	8	,	19
deu-x-bible-tafelbibel.txt	8	,	19
eng-x-bible-books.txt	8	,	19
eng-x-bible-contemporary.txt	5	,	19
eng-x-bible-etheridge.txt	10	,	19
eng-x-bible-goodnews.txt	8	,	19
eng-x-bible-internationalstandard.txt	8	,	19
eng-x-bible-kingjames.txt	8	,	19
eng-x-bible-montgomery.txt	9	,	19
eng-x-bible-new2007.txt	8	,	19
eng-x-bible-newinternational.txt	8	,	19
eng-x-bible-newsimplified.txt	9	,	19
isl-x-bible-isl.txt	10	,	19
nds-x-bible-nds.txt	9	,	19
nld-x-bible-1951.txt	10	,	19
nor-x-bible-student.txt	8	,	19
swe-x-bible-folk1998.txt	8	,	19
afr-x-bible-1983.txt	1	En	20
afr-x-bible-viralmal.txt	2	het	20
dan-x-bible-1931.txt	1	Og	20
deu-x-bible-albrecht.txt	1	Und	20
deu-x-bible-greber.txt	1	Als	20
deu-x-bible-hoffnung.txt	1	Zu	20
deu-x-bible-interlinear.txt	1	Als	20
deu-x-bible-meister.txt	1	Und	20
deu-x-bible-meister.txt	2	als	20
deu-x-bible-menge.txt	1	Als	20
deu-x-bible-neue.txt	1	Das	20
deu-x-bible-pattloch.txt	1	Zu	20
deu-x-bible-schlachter.txt	4	als	20
deu-x-bible-schlachter2000.txt	1	Als	20
deu-x-bible-tafelbibel.txt	1	Als	20
deu-x-bible-textbibel.txt	4	als	20
deu-x-bible-volxbibel.txt	1	Und	20
deu-x-bible-zuercher.txt	1	Und	20
deu-x-bible-zuercher.txt	2	als	20
eng-x-bible-godsword.txt	1	This	20
eng-x-bible-montgomery.txt	1	Now	20
eng-x-bible-newliving.txt	1	And	20
eng-x-bible-worldwide.txt	1	In	20
nds-x-bible-nds.txt	1	Aus	20
nld-x-bible-1951.txt	1	En	20
nld-x-bible-2007.txt	1	Die	20
nob-x-bible-1988.txt	1	De	20
nor-x-bible-1930.txt	1	Og	20
nor-x-bible-student.txt	1	Og	20
swe-x-bible-b2000.txt	1	Till	20
swe-x-bible-folk1998.txt	1	Det	20
swe-x-bible-nyalevande.txt	1	Och	20
afr-x-bible-1983.txt	4	is	21
afr-x-bible-boodskap.txt	3	gelukkig	21
afr-x-bible-boodskap.txt	9	sy	21
afr-x-bible-lewende.txt	2	is	21
dan-x-bible-hverdagsdansk.txt	2	hører	21
deu-x-bible-albrecht.txt	2	sind	21
deu-x-bible-hoffnung.txt	4	gehören	21
deu-x-bible-neue.txt	2	sind	21
eng-x-bible-common.txt	2	are	21
eng-x-bible-easytoread.txt	2	are	21
eng-x-bible-etheridge.txt	2	are	21
eng-x-bible-goodnews.txt	3	are	21
eng-x-bible-montgomery.txt	3	are	21
eng-x-bible-newcentury.txt	3	are	21
eng-x-bible-newliving.txt	3	are	21
eng-x-bible-newreaders.txt	2	are	21
eng-x-bible-newsimplified.txt	2	are	21
isl-x-bible-isl.txt	3	erum	21
nld-x-bible-1951.txt	3	zijn	21
nld-x-bible-2007.txt	3	zijn	21
nob-x-bible-1988.txt	3	får	21
nob-x-bible-1988.txt	7	hans	21
swe-x-bible-folk1998.txt	2	är	21
swe-x-bible-nyalevande.txt	4	får	21
swe-x-bible-nyalevande.txt	7	hans	21
afr-x-bible-boodskap.txt	5	net	22
deu-x-bible-albrecht.txt	5	solche	22
deu-x-bible-greber.txt	2	solche	22
deu-x-bible-meister.txt	3	solche	22
deu-x-bible-menge.txt	2	solche	22
deu-x-bible-pattloch.txt	2	solchen	22
deu-x-bible-schlachter.txt	5	solche	22
deu-x-bible-schlachter2000.txt	2	solche	22
deu-x-bible-textbibel.txt	5	solche	22
deu-x-bible-zuercher.txt	3	solche	22
eng-x-bible-montgomery.txt	2	such	22
nno-x-bible-2011.txt	9	slike	22
nob-x-bible-1985.txt	9	slike	22
nob-x-bible-2007.txt	4	slike	22
nob-x-bible-2011.txt	9	slike	22
nor-x-bible-1930.txt	5	slike	22
nor-x-bible-student.txt	3	slike	22
swe-x-bible-b2000.txt	4	sådana	22
afr-x-bible-1953.txt	20	?	23
dan-x-bible-hverdagsdansk.txt	21	ej	23
deu-x-bible-schlachter.txt	25	?	23
deu-x-bible-textbibel.txt	22	?	23
eng-x-bible-amplified.txt	24	?	23
eng-x-bible-books.txt	19	?	23
eng-x-bible-clontz.txt	19	?	23
eng-x-bible-darby.txt	26	?	23
eng-x-bible-internationalstandard.txt	20	?	23
eng-x-bible-kingjames.txt	20	?	23
eng-x-bible-lexham.txt	17	?	23
eng-x-bible-majority.txt	18	?	23
eng-x-bible-new2007.txt	19	?	23
eng-x-bible-newinternational.txt	19	?	23
eng-x-bible-scriptures.txt	18	?	23
eng-x-bible-worldwide.txt	47	"	23
afr-x-bible-boodskap.txt	8	om	24
afr-x-bible-boodskap.txt	11	te	24
afr-x-bible-viralmal.txt	13	om	24
deu-x-bible-albrecht.txt	9	dazu	24
nld-x-bible-1951.txt	2	dat	24
nno-x-bible-2011.txt	7	å	24
nob-x-bible-1985.txt	7	å	24
nob-x-bible-2007.txt	2	å	24
nob-x-bible-2011.txt	7	å	24
nor-x-bible-1930.txt	3	å	24
swe-x-bible-b2000.txt	2	att	24
afr-x-bible-1983.txt	21	ander	25
afr-x-bible-boodskap.txt	20	ander	25
dan-x-bible-hverdagsdansk.txt	20	eller	25
deu-x-bible-genfer2011.txt	18	anderen	25
deu-x-bible-neue.txt	18	anderen	25
eng-x-bible-godsword.txt	14	or	25
nld-x-bible-2004.txt	21	alle	25
nob-x-bible-1985.txt	21	andre	25
nob-x-bible-1988.txt	27	andre	25
swe-x-bible-b2000.txt	15	eller	25
swe-x-bible-nyalevande.txt	30	andra	25
dan-x-bible-1931.txt	17	,	26
deu-x-bible-genfer2011.txt	20	,	26
deu-x-bible-interlinear.txt	18	,	26
deu-x-bible-menge.txt	30	,	26
deu-x-bible-pattloch.txt	17	,	26
deu-x-bible-zuercher.txt	18	,	26
eng-x-bible-contemporary.txt	11	,	26
eng-x-bible-treeoflife.txt	18	—	26
nld-x-bible-1951.txt	22	,	26
nld-x-bible-2004.txt	23	,	26
nor-x-bible-1930.txt	20	,	26
nor-x-bible-student.txt	18	,	26
afr-x-bible-1953.txt	2	naamlik	27
afr-x-bible-lewende.txt	5	-	27
dan-x-bible-frederik.txt	7	nemlig	27
deu-x-bible-greber.txt	13	zwar	27
deu-x-bible-luther1545.txt	6	nämlich	27
deu-x-bible-luther1545letztehand.txt	6	nemlich	27
deu-x-bible-luther1912.txt	6	nämlich	27
deu-x-bible-menge.txt	15	zwar	27
deu-x-bible-neue.txt	3	nämlich	27
deu-x-bible-textbibel.txt	10	zwar	27
eng-x-bible-godsword.txt	2	is	27
eng-x-bible-treeoflife.txt	5	—	27
nld-x-bible-statenvertaling.txt	7	namelijk	27
afr-x-bible-1983.txt	7	,	28
dan-x-bible-frederik.txt	5	,	28
deu-x-bible-erben.txt	6	,	28
deu-x-bible-genfer2011.txt	6	,	28
deu-x-bible-konkordant.txt	7	,	28
deu-x-bible-luther1912.txt	5	,	28
eng-x-bible-literal.txt	5	,	28
eng-x-bible-scriptures.txt	5	,	28
nob-x-bible-1988.txt	9	,	28
swe-x-bible-nyalevande.txt	9	,	28
afr-x-bible-boodskap.txt	18	mense	29
afr-x-bible-viralmal.txt	17	behoort	29
deu-x-bible-genfer2011.txt	12	Volk	29
deu-x-bible-hoffnung.txt	17	Volk	29
deu-x-bible-neue.txt	13	Volk	29
deu-x-bible-volxbibel.txt	14	Menschen	29
eng-x-bible-easytoread.txt	18	those	29
eng-x-bible-newcentury.txt	21	those	29
eng-x-bible-newreaders.txt	21	Many	29
eng-x-bible-treeoflife.txt	11	people	29
eng-x-bible-worldwide.txt	27	people	29
nld-x-bible-2004.txt	15	volk	29
nld-x-bible-2007.txt	8	Israëlieten	29
nld-x-bible-2007.txt	11	mensen	29
nob-x-bible-1985.txt	20	de	29
deu-x-bible-meister.txt	9	,	30
eng-x-bible-literal.txt	9	,	30
eng-x-bible-newliving.txt	9	,	30
nno-x-bible-2011.txt	11	,	30
nob-x-bible-1985.txt	11	,	30
nob-x-bible-2007.txt	11	,	30
nob-x-bible-2011.txt	11	,	30
nor-x-bible-1930.txt	10	,	30
swe-x-bible-b2000.txt	9	,	30
swg-x-bible-swg.txt	12	,	30
afr-x-bible-viralmal.txt	6	.	31
deu-x-bible-albrecht.txt	7	?	31
deu-x-bible-hoffnung.txt	7	.	31
eng-x-bible-common.txt	8	.	31
eng-x-bible-newcentury.txt	9	.	31
eng-x-bible-newreaders.txt	5	.	31
eng-x-bible-newreaders.txt	10	.	31
eng-x-bible-worldwide.txt	19	.	31
nld-x-bible-2007.txt	5	!	31
deu-x-bible-albrecht.txt	19	,	32
deu-x-bible-hoffnung.txt	18	,	32
nld-x-bible-2004.txt	18	,	32
nno-x-bible-2011.txt	16	,	32
nob-x-bible-1988.txt	22	,	32
nob-x-bible-2007.txt	16	,	32
nob-x-bible-2011.txt	16	,	32
nor-x-bible-1930.txt	15	,	32
swe-x-bible-nyalevande.txt	24	,	32
swg-x-bible-swg.txt	18	,	32
deu-x-bible-elberfelder1905.txt	1	Uns	33
deu-x-bible-freebible.txt	1	Uns	33
deu-x-bible-luther1545letztehand.txt	1	Welche	33
eng-x-bible-contemporary.txt	1	Whether	33
eng-x-bible-internationalstandard.txt	1	including	33
isl-x-bible-isl.txt	1	Slík	33
nld-x-bible-2004.txt	1	Hen	33
nld-x-bible-statenvertaling.txt	1	Welke	33
nno-x-bible-2011.txt	1	Oss	33
nob-x-bible-2007.txt	1	Til	33
swg-x-bible-swg.txt	1	Dozue	33
eng-x-bible-amplified.txt	18	among	34
eng-x-bible-darby.txt	21	amongst	34
eng-x-bible-easytoread.txt	19	who	34
eng-x-bible-goodnews.txt	18	among	34
eng-x-bible-montgomery.txt	20	among	34
eng-x-bible-newcentury.txt	22	who	34
eng-x-bible-newsimplified.txt	20	among	34
nno-x-bible-2011.txt	18	mellom	34
nob-x-bible-1985.txt	19	blant	34
nob-x-bible-1988.txt	24	blant	34
nob-x-bible-2011.txt	19	blant	34
swe-x-bible-nyalevande.txt	26	bland	34
afr-x-bible-lewende.txt	7	vir	35
dan-x-bible-hverdagsdansk.txt	4	til	35
deu-x-bible-gruenewalder.txt	1	zu	35
eng-x-bible-godsword.txt	6	for	35
nno-x-bible-2011.txt	6	til	35
nob-x-bible-1985.txt	6	til	35
nob-x-bible-2011.txt	6	til	35
nor-x-bible-1930.txt	2	til	35
nor-x-bible-student.txt	2	til	35
eng-x-bible-books.txt	3	,	36
eng-x-bible-etheridge.txt	4	,	36
eng-x-bible-internationalstandard.txt	3	,	36
eng-x-bible-kingjames.txt	3	,	36
eng-x-bible-livingoracles.txt	3	,	36
eng-x-bible-new2007.txt	3	,	36
eng-x-bible-newinternational.txt	3	,	36
nds-x-bible-nds.txt	3	,	36
afr-x-bible-lewende.txt	4	voorwerpe	37
deu-x-bible-albrecht.txt	6	Gefäße	37
deu-x-bible-greber.txt	3	Gefäße	37
deu-x-bible-menge.txt	4	Gefäße	37
isl-x-bible-isl.txt	2	ker	37
nob-x-bible-1985.txt	10	kar	37
nob-x-bible-2007.txt	5	kar	37
afr-x-bible-1983.txt	2	onder	38
eng-x-bible-amplified.txt	12	among	38
eng-x-bible-darby.txt	12	amongst	38
eng-x-bible-goodnews.txt	12	among	38
eng-x-bible-montgomery.txt	13	among	38
eng-x-bible-newliving.txt	4	among	38
eng-x-bible-newsimplified.txt	13	among	38
nno-x-bible-2011.txt	14	mellom	38
nob-x-bible-1985.txt	14	blant	38
nob-x-bible-2011.txt	14	blant	38
deu-x-bible-greber.txt	4	des	39
deu-x-bible-gruenewalder.txt	2	der	39
deu-x-bible-menge.txt	5	des	39
eng-x-bible-common.txt	3	the	39
eng-x-bible-easytoread.txt	6	the	39
eng-x-bible-goodnews.txt	4	the	39
eng-x-bible-newsimplified.txt	3	the	39
eng-x-bible-worldwide.txt	8	the	39
eng-x-bible-worldwide.txt	9	prophet	39
afr-x-bible-1953.txt	7	,	40
eng-x-bible-amplified.txt	8	,	40
eng-x-bible-clontz.txt	7	,	40
eng-x-bible-diaglot.txt	6	,	40
eng-x-bible-lexham.txt	6	,	40
eng-x-bible-majority.txt	6	,	40
nld-x-bible-2004.txt	8	,	40
dan-x-bible-hverdagsdansk.txt	16	er	41
eng-x-bible-contemporary.txt	7	are	41
eng-x-bible-easytoread.txt	20	are	41
eng-x-bible-godsword.txt	12	are	41
eng-x-bible-newcentury.txt	23	are	41
eng-x-bible-newreaders.txt	24	are	41
nld-x-bible-2004.txt	17	zijn	41
swe-x-bible-b2000.txt	13	är	41
deu-x-bible-hoffnung.txt	3	Menschen	42
eng-x-bible-easytoread.txt	4	people	42
eng-x-bible-goodnews.txt	5	people	42
eng-x-bible-newcentury.txt	5	people	42
eng-x-bible-newreaders.txt	4	people	42
eng-x-bible-newsimplified.txt	4	ones	42
eng-x-bible-worldwide.txt	18	people	42
nld-x-bible-2007.txt	2	mensen	42
afr-x-bible-1983.txt	16	,	43
deu-x-bible-genfer2011.txt	13	,	43
deu-x-bible-konkordant.txt	15	,	43
deu-x-bible-neue.txt	14	,	43
deu-x-bible-schlachter.txt	16	,	43
nld-x-bible-2007.txt	9	,	43
afr-x-bible-boodskap.txt	1	God	44
afr-x-bible-viralmal.txt	9	God	44
deu-x-bible-volxbibel.txt	5	Gott	44
eng-x-bible-common.txt	5	God	44
eng-x-bible-easytoread.txt	8	God	44
eng-x-bible-godsword.txt	4	God	44
eng-x-bible-newcentury.txt	7	God	44
eng-x-bible-worldwide.txt	12	God	44
afr-x-bible-viralmal.txt	21	ons	45
dan-x-bible-hverdagsdansk.txt	15	vi	45
eng-x-bible-common.txt	17	we	45
eng-x-bible-contemporary.txt	6	we	45
eng-x-bible-godsword.txt	11	we	45
eng-x-bible-newreaders.txt	23	us	45
swe-x-bible-b2000.txt	12	vi	45
afr-x-bible-boodskap.txt	12	wees	46
nno-x-bible-2011.txt	8	vera	46
nob-x-bible-1985.txt	8	være	46
nob-x-bible-2007.txt	3	være	46
nob-x-bible-2011.txt	8	være	46
swe-x-bible-b2000.txt	3	vara	46
deu-x-bible-elberfelder1871.txt	2	,	47
deu-x-bible-elberfelder1905.txt	2	,	47
deu-x-bible-freebible.txt	2	,	47
deu-x-bible-konkordant.txt	2	,	47
afr-x-bible-boodskap.txt	7	uit	48
eng-x-bible-worldwide.txt	7	by	48
nob-x-bible-1988.txt	6	av	48
swe-x-bible-nyalevande.txt	6	av	48
deu-x-bible-luther1545.txt	5	,	49
deu-x-bible-neue.txt	5	,	49
isl-x-bible-isl.txt	5	,	49
nld-x-bible-1951.txt	5	,	49
afr-x-bible-viralmal.txt	7	Ja	50
deu-x-bible-hoffnung.txt	8	Und	50
deu-x-bible-schlachter.txt	3	denn	50
deu-x-bible-textbibel.txt	3	denn	50
eng-x-bible-goodnews.txt	1	For	50
swe-x-bible-folk1998.txt	3	ju	50
dan-x-bible-hverdagsdansk.txt	10	Guds	51
eng-x-bible-etheridge.txt	13	of	51
eng-x-bible-kingjames.txt	10	of	51
eng-x-bible-literal.txt	10	of	51
eng-x-bible-livingoracles.txt	10	of	51
eng-x-bible-majority.txt	9	of	51
eng-x-bible-scriptures.txt	9	of	51
deu-x-bible-greber.txt	12	und	52
deu-x-bible-menge.txt	14	und	52
deu-x-bible-textbibel.txt	9	und	52
nor-x-bible-student.txt	7	og	52
swe-x-bible-folk1998.txt	9	och	52
afr-x-bible-lewende.txt	3	hierdie	53
deu-x-bible-hoffnung.txt	2	diesen	53
deu-x-bible-interlinear.txt	2	diese	53
deu-x-bible-volxbibel.txt	2	diese	53
nds-x-bible-nds.txt	2	diese	53
eng-x-bible-easytoread.txt	5	,	54
eng-x-bible-worldwide.txt	11	,	54
nld-x-bible-2004.txt	6	:	54
afr-x-bible-boodskap.txt	24	Hom	55
nob-x-bible-1988.txt	21	ham	55
swe-x-bible-nyalevande.txt	23	honom	55
afr-x-bible-viralmal.txt	26	en	56
eng-x-bible-newliving.txt	14	and	56
isl-x-bible-isl.txt	18	og	56
nob-x-bible-1988.txt	26	og	56
swe-x-bible-nyalevande.txt	28	och	56
nob-x-bible-1988.txt	4	nyte	57
swe-x-bible-nyalevande.txt	5	njuta	57
nob-x-bible-1988.txt	19	å	58
swe-x-bible-nyalevande.txt	20	att	58
nob-x-bible-1988.txt	10	er	59
swe-x-bible-nyalevande.txt	11	är	59
nob-x-bible-1988.txt	8	rikdom	60
swe-x-bible-nyalevande.txt	8	rikedomar	60
eng-x-bible-common.txt	11	come	61
eng-x-bible-newreaders.txt	14	come	61
dan-x-bible-hverdagsdansk.txt	11	tilgivelse	62
swe-x-bible-nyalevande.txt	21	få	62
dan-x-bible-hverdagsdansk.txt	14	om	63
nob-x-bible-1988.txt	18	om	63
afr-x-bible-1983.txt	24	het	64
deu-x-bible-neue.txt	21	hat	64
deu-x-bible-hoffnung.txt	21	allen	65
eng-x-bible-amplified.txt	21	(	65
nld-x-bible-2007.txt	13	alle	65
afr-x-bible-boodskap.txt	16	,	66
nob-x-bible-1988.txt	15	ja	66
swe-x-bible-nyalevande.txt	16	ja	66
eng-x-bible-easytoread.txt	21	not	67
eng-x-bible-newcentury.txt	24	not	67
eng-x-bible-newreaders.txt	25	not	67
deu-x-bible-genfer2011.txt	1	und	68
eng-x-bible-newcentury.txt	1	and	68
nob-x-bible-1988.txt	14	takket	69
swe-x-bible-nyalevande.txt	15	tackat	69
afr-x-bible-1983.txt	3	hulle	70
swe-x-bible-nyalevande.txt	2	de	70
nob-x-bible-1988.txt	16	til	71
swe-x-bible-nyalevande.txt	17	till	71
nld-x-bible-2004.txt	13	het	72
swe-x-bible-folk1998.txt	10	det	72
