FILENAME	CHUNK_COUNTER	CHUNK	ALIGNNMENT_ID
afr-x-bible-1953.txt	50	.	1
dan-x-bible-1931.txt	48	!	1
dan-x-bible-1931.txt	49	"	1
deu-x-bible-elberfelder1871.txt	46	.	1
deu-x-bible-elberfelder1905.txt	46	.	1
deu-x-bible-freebible.txt	46	.	1
deu-x-bible-gruenewalder.txt	46	.	1
deu-x-bible-gruenewalder.txt	47	«	1
deu-x-bible-luther1545.txt	42	.	1
deu-x-bible-luther1545letztehand.txt	46	.	1
deu-x-bible-luther1912.txt	42	.	1
deu-x-bible-menge.txt	46	.	1
deu-x-bible-menge.txt	47	«	1
deu-x-bible-neue.txt	43	.	1
deu-x-bible-neue.txt	44	"	1
deu-x-bible-pattloch.txt	45	!	1
deu-x-bible-pattloch.txt	46	"	1
deu-x-bible-schlachter.txt	45	!	1
deu-x-bible-tafelbibel.txt	47	.	1
deu-x-bible-textbibel.txt	42	.	1
deu-x-bible-zuercher.txt	42	.	1
eng-x-bible-darby.txt	54	.	1
eng-x-bible-kingjames.txt	52	.	1
eng-x-bible-literal.txt	54	.	1
eng-x-bible-newsimplified.txt	41	.	1
eng-x-bible-newsimplified.txt	42	«	1
nld-x-bible-statenvertaling.txt	54	.	1
nor-x-bible-1930.txt	51	.	1
nor-x-bible-student.txt	45	.	1
nor-x-bible-student.txt	46	»	1
swe-x-bible-folk1998.txt	48	.	1
swe-x-bible-folk1998.txt	49	"	1
afr-x-bible-1953.txt	26	nie	2
afr-x-bible-1953.txt	31	nie	2
afr-x-bible-1953.txt	40	nie	2
deu-x-bible-elberfelder1871.txt	27	nicht	2
deu-x-bible-elberfelder1905.txt	27	nicht	2
deu-x-bible-freebible.txt	27	nicht	2
deu-x-bible-gruenewalder.txt	29	nicht	2
deu-x-bible-gruenewalder.txt	33	nicht	2
deu-x-bible-luther1545.txt	25	nicht	2
deu-x-bible-luther1545letztehand.txt	26	nicht	2
deu-x-bible-luther1912.txt	25	nicht	2
deu-x-bible-menge.txt	28	nicht	2
deu-x-bible-menge.txt	32	nicht	2
deu-x-bible-neue.txt	28	nicht	2
deu-x-bible-schlachter.txt	25	nicht	2
deu-x-bible-tafelbibel.txt	27	nicht	2
deu-x-bible-textbibel.txt	24	nicht	2
deu-x-bible-zuercher.txt	26	nicht	2
eng-x-bible-darby.txt	29	neither	2
eng-x-bible-kingjames.txt	29	neither	2
eng-x-bible-literal.txt	30	neither	2
eng-x-bible-newsimplified.txt	31	not	2
nld-x-bible-statenvertaling.txt	29	niet	2
nld-x-bible-statenvertaling.txt	37	niet	2
nor-x-bible-1930.txt	25	ikke	2
nor-x-bible-1930.txt	31	ikke	2
nor-x-bible-student.txt	25	ikkje	2
swe-x-bible-folk1998.txt	29	inte	2
afr-x-bible-1953.txt	43	sal	3
dan-x-bible-1931.txt	41	vil	3
dan-x-bible-1931.txt	43	vise	3
deu-x-bible-elberfelder1871.txt	39	will	3
deu-x-bible-elberfelder1905.txt	39	will	3
deu-x-bible-freebible.txt	39	will	3
deu-x-bible-luther1545.txt	35	will	3
deu-x-bible-luther1545letztehand.txt	37	wil	3
deu-x-bible-luther1912.txt	35	will	3
deu-x-bible-menge.txt	39	will	3
deu-x-bible-neue.txt	36	werde	3
deu-x-bible-pattloch.txt	38	will	3
deu-x-bible-schlachter.txt	38	will	3
deu-x-bible-tafelbibel.txt	40	will	3
deu-x-bible-textbibel.txt	35	will	3
deu-x-bible-zuercher.txt	35	will	3
eng-x-bible-darby.txt	47	will	3
eng-x-bible-kingjames.txt	45	will	3
eng-x-bible-literal.txt	47	will	3
nld-x-bible-statenvertaling.txt	47	zal	3
nor-x-bible-1930.txt	40	vil	3
nor-x-bible-student.txt	40	syna	3
swe-x-bible-folk1998.txt	40	skall	3
afr-x-bible-1953.txt	3	vra	4
dan-x-bible-1931.txt	2	sagde	4
deu-x-bible-elberfelder1871.txt	3	sprach	4
deu-x-bible-elberfelder1905.txt	3	sprach	4
deu-x-bible-freebible.txt	3	sprach	4
deu-x-bible-gruenewalder.txt	2	sprach	4
deu-x-bible-luther1545.txt	2	sprach	4
deu-x-bible-luther1545letztehand.txt	2	sprach	4
deu-x-bible-luther1912.txt	2	sprach	4
deu-x-bible-menge.txt	2	fragte	4
deu-x-bible-neue.txt	1	"	4
deu-x-bible-neue.txt	12	fragte	4
deu-x-bible-pattloch.txt	2	erkundigte	4
deu-x-bible-schlachter.txt	2	sprach	4
deu-x-bible-tafelbibel.txt	3	sprach	4
deu-x-bible-textbibel.txt	2	fragte	4
deu-x-bible-zuercher.txt	2	sprach	4
eng-x-bible-darby.txt	3	said	4
eng-x-bible-kingjames.txt	3	said	4
eng-x-bible-literal.txt	3	said	4
eng-x-bible-newsimplified.txt	12	asked	4
nld-x-bible-statenvertaling.txt	2	zeide	4
nor-x-bible-1930.txt	2	sa	4
nor-x-bible-student.txt	2	spurde	4
swe-x-bible-folk1998.txt	2	frågade	4
afr-x-bible-1953.txt	24	u	5
dan-x-bible-1931.txt	28	du	5
deu-x-bible-elberfelder1871.txt	25	du	5
deu-x-bible-elberfelder1905.txt	25	du	5
deu-x-bible-freebible.txt	25	du	5
deu-x-bible-gruenewalder.txt	27	du	5
deu-x-bible-luther1545.txt	23	du	5
deu-x-bible-luther1545letztehand.txt	24	du	5
deu-x-bible-luther1912.txt	23	du	5
deu-x-bible-menge.txt	26	du	5
deu-x-bible-neue.txt	26	du	5
deu-x-bible-pattloch.txt	27	du	5
deu-x-bible-schlachter.txt	23	du	5
deu-x-bible-tafelbibel.txt	25	du	5
deu-x-bible-textbibel.txt	22	du	5
deu-x-bible-zuercher.txt	24	du	5
eng-x-bible-darby.txt	27	thou	5
eng-x-bible-kingjames.txt	27	thou	5
eng-x-bible-literal.txt	28	you	5
eng-x-bible-newsimplified.txt	22	you	5
nld-x-bible-statenvertaling.txt	27	gij	5
nld-x-bible-statenvertaling.txt	35	gij	5
nor-x-bible-1930.txt	24	du	5
nor-x-bible-student.txt	24	du	5
swe-x-bible-folk1998.txt	21	du	5
afr-x-bible-1953.txt	23	dat	6
dan-x-bible-1931.txt	27	at	6
deu-x-bible-elberfelder1871.txt	24	daß	6
deu-x-bible-elberfelder1905.txt	24	daß	6
deu-x-bible-freebible.txt	24	dass	6
deu-x-bible-gruenewalder.txt	26	daß	6
deu-x-bible-luther1545.txt	22	daß	6
deu-x-bible-luther1545letztehand.txt	23	das	6
deu-x-bible-luther1912.txt	22	daß	6
deu-x-bible-menge.txt	25	daß	6
deu-x-bible-neue.txt	25	dass	6
deu-x-bible-pattloch.txt	26	daß	6
deu-x-bible-schlachter.txt	22	daß	6
deu-x-bible-tafelbibel.txt	24	daß	6
deu-x-bible-textbibel.txt	21	daß	6
deu-x-bible-zuercher.txt	23	dass	6
eng-x-bible-darby.txt	26	that	6
eng-x-bible-kingjames.txt	26	that	6
eng-x-bible-literal.txt	27	that	6
eng-x-bible-newsimplified.txt	28	that	6
nld-x-bible-statenvertaling.txt	26	dat	6
nld-x-bible-statenvertaling.txt	34	dat	6
nor-x-bible-1930.txt	23	at	6
nor-x-bible-student.txt	23	at	6
swe-x-bible-folk1998.txt	28	att	6
afr-x-bible-1953.txt	30	my	7
deu-x-bible-elberfelder1871.txt	26	mich	7
deu-x-bible-elberfelder1905.txt	26	mich	7
deu-x-bible-freebible.txt	26	mich	7
deu-x-bible-gruenewalder.txt	28	mich	7
deu-x-bible-luther1545.txt	24	mich	7
deu-x-bible-luther1545letztehand.txt	25	mich	7
deu-x-bible-luther1912.txt	24	mich	7
deu-x-bible-menge.txt	27	mich	7
deu-x-bible-neue.txt	27	mich	7
deu-x-bible-pattloch.txt	28	mich	7
deu-x-bible-schlachter.txt	24	mich	7
deu-x-bible-tafelbibel.txt	26	mich	7
deu-x-bible-textbibel.txt	23	mich	7
deu-x-bible-zuercher.txt	25	mich	7
eng-x-bible-darby.txt	31	me	7
eng-x-bible-kingjames.txt	31	me	7
eng-x-bible-literal.txt	32	me	7
eng-x-bible-newsimplified.txt	24	me	7
nld-x-bible-statenvertaling.txt	28	mij	7
nor-x-bible-1930.txt	28	mig	7
nor-x-bible-student.txt	27	meg	7
swe-x-bible-folk1998.txt	31	mig	7
afr-x-bible-1953.txt	47	na	8
dan-x-bible-1931.txt	46	til	8
deu-x-bible-elberfelder1871.txt	42	zu	8
deu-x-bible-elberfelder1905.txt	42	zu	8
deu-x-bible-freebible.txt	42	zu	8
deu-x-bible-gruenewalder.txt	42	zu	8
deu-x-bible-luther1545.txt	39	zu	8
deu-x-bible-luther1545letztehand.txt	43	zu	8
deu-x-bible-luther1912.txt	39	zu	8
deu-x-bible-menge.txt	42	zu	8
deu-x-bible-neue.txt	39	zu	8
deu-x-bible-pattloch.txt	41	zu	8
deu-x-bible-schlachter.txt	41	zu	8
deu-x-bible-tafelbibel.txt	43	zu	8
deu-x-bible-textbibel.txt	38	zu	8
deu-x-bible-zuercher.txt	38	zu	8
eng-x-bible-darby.txt	51	to	8
eng-x-bible-kingjames.txt	49	to	8
eng-x-bible-literal.txt	51	to	8
eng-x-bible-newsimplified.txt	38	to	8
nld-x-bible-statenvertaling.txt	50	tot	8
nor-x-bible-1930.txt	45	til	8
nor-x-bible-student.txt	43	til	8
swe-x-bible-folk1998.txt	45	till	8
afr-x-bible-1953.txt	38	my	9
dan-x-bible-1931.txt	37	min	9
deu-x-bible-elberfelder1871.txt	33	meines	9
deu-x-bible-elberfelder1905.txt	33	meines	9
deu-x-bible-freebible.txt	33	meines	9
deu-x-bible-gruenewalder.txt	34	meinem	9
deu-x-bible-luther1545.txt	29	meines	9
deu-x-bible-luther1545letztehand.txt	31	meines	9
deu-x-bible-luther1912.txt	29	meines	9
deu-x-bible-menge.txt	33	meinem	9
deu-x-bible-neue.txt	31	meinem	9
deu-x-bible-pattloch.txt	32	meinem	9
deu-x-bible-schlachter.txt	32	meines	9
deu-x-bible-tafelbibel.txt	34	meines	9
deu-x-bible-textbibel.txt	29	meinem	9
deu-x-bible-zuercher.txt	29	meinem	9
eng-x-bible-darby.txt	42	my	9
eng-x-bible-kingjames.txt	40	my	9
eng-x-bible-literal.txt	41	my	9
eng-x-bible-newsimplified.txt	39	my	9
nld-x-bible-statenvertaling.txt	43	mijns	9
nor-x-bible-1930.txt	35	min	9
nor-x-bible-student.txt	35	min	9
swe-x-bible-folk1998.txt	36	min	9
afr-x-bible-1953.txt	16	sê	10
dan-x-bible-1931.txt	19	svarede	10
deu-x-bible-elberfelder1871.txt	17	sprach	10
deu-x-bible-elberfelder1905.txt	17	sprach	10
deu-x-bible-freebible.txt	17	sprach	10
deu-x-bible-gruenewalder.txt	18	sagte	10
deu-x-bible-luther1545.txt	15	sprach	10
deu-x-bible-luther1545letztehand.txt	16	sprach	10
deu-x-bible-luther1912.txt	15	sprach	10
deu-x-bible-menge.txt	17	erwiderte	10
deu-x-bible-neue.txt	17	erwiderte	10
deu-x-bible-pattloch.txt	18	entgegnete	10
deu-x-bible-schlachter.txt	15	antwortete	10
deu-x-bible-tafelbibel.txt	17	sprach	10
deu-x-bible-textbibel.txt	14	erwiderte	10
deu-x-bible-zuercher.txt	16	sprach	10
eng-x-bible-darby.txt	18	said	10
eng-x-bible-kingjames.txt	18	said	10
eng-x-bible-literal.txt	20	said	10
eng-x-bible-newsimplified.txt	16	answered	10
nld-x-bible-statenvertaling.txt	19	zeide	10
nor-x-bible-1930.txt	17	svarte	10
nor-x-bible-student.txt	16	svara	10
swe-x-bible-folk1998.txt	17	svarade	10
afr-x-bible-1953.txt	39	heer	11
dan-x-bible-1931.txt	38	Herre	11
deu-x-bible-elberfelder1871.txt	34	Herrn	11
deu-x-bible-elberfelder1905.txt	34	Herrn	11
deu-x-bible-freebible.txt	34	Herrn	11
deu-x-bible-gruenewalder.txt	35	Herrn	11
deu-x-bible-luther1545.txt	30	HERRN	11
deu-x-bible-luther1545letztehand.txt	32	Herrn	11
deu-x-bible-luther1912.txt	30	Herrn	11
deu-x-bible-menge.txt	34	Herrn	11
deu-x-bible-neue.txt	32	Herrn	11
deu-x-bible-pattloch.txt	33	Herrn	11
deu-x-bible-schlachter.txt	33	Herrn	11
deu-x-bible-tafelbibel.txt	35	Herrn	11
deu-x-bible-textbibel.txt	30	Herrn	11
deu-x-bible-zuercher.txt	30	Herrn	11
eng-x-bible-darby.txt	43	master	11
eng-x-bible-kingjames.txt	41	master	11
eng-x-bible-literal.txt	42	master's	11
eng-x-bible-newsimplified.txt	40	master	11
nld-x-bible-statenvertaling.txt	44	heren	11
nor-x-bible-1930.txt	36	herres	11
nor-x-bible-student.txt	34	herren	11
swe-x-bible-folk1998.txt	37	herre	11
afr-x-bible-1953.txt	15	hy	12
dan-x-bible-1931.txt	18	Han	12
deu-x-bible-elberfelder1871.txt	16	er	12
deu-x-bible-elberfelder1905.txt	16	er	12
deu-x-bible-freebible.txt	16	er	12
deu-x-bible-gruenewalder.txt	17	Er	12
deu-x-bible-luther1545.txt	14	Er	12
deu-x-bible-luther1545letztehand.txt	15	Er	12
deu-x-bible-luther1912.txt	14	Er	12
deu-x-bible-menge.txt	16	Er	12
deu-x-bible-pattloch.txt	17	Er	12
deu-x-bible-schlachter.txt	14	Er	12
deu-x-bible-tafelbibel.txt	16	er	12
deu-x-bible-textbibel.txt	13	Er	12
deu-x-bible-zuercher.txt	15	Er	12
eng-x-bible-darby.txt	17	he	12
eng-x-bible-kingjames.txt	17	he	12
eng-x-bible-literal.txt	19	he	12
eng-x-bible-newsimplified.txt	15	He	12
nld-x-bible-statenvertaling.txt	17	Hij	12
nor-x-bible-1930.txt	16	Han	12
nor-x-bible-student.txt	15	Han	12
swe-x-bible-folk1998.txt	16	Han	12
afr-x-bible-1953.txt	44	ek	13
dan-x-bible-1931.txt	42	jeg	13
deu-x-bible-elberfelder1871.txt	40	ich	13
deu-x-bible-elberfelder1905.txt	40	ich	13
deu-x-bible-freebible.txt	40	ich	13
deu-x-bible-gruenewalder.txt	40	ich	13
deu-x-bible-luther1545.txt	36	ich	13
deu-x-bible-luther1545letztehand.txt	38	ich	13
deu-x-bible-luther1912.txt	36	ich	13
deu-x-bible-menge.txt	40	ich	13
deu-x-bible-neue.txt	37	ich	13
deu-x-bible-pattloch.txt	39	ich	13
deu-x-bible-schlachter.txt	39	ich	13
deu-x-bible-tafelbibel.txt	41	ich	13
deu-x-bible-textbibel.txt	36	ich	13
deu-x-bible-zuercher.txt	36	ich	13
eng-x-bible-darby.txt	46	I	13
eng-x-bible-kingjames.txt	44	I	13
eng-x-bible-literal.txt	46	I	13
eng-x-bible-newsimplified.txt	36	me	13
nld-x-bible-statenvertaling.txt	48	ik	13
nor-x-bible-1930.txt	41	jeg	13
nor-x-bible-student.txt	39	eg	13
swe-x-bible-folk1998.txt	41	jag	13
afr-x-bible-1953.txt	2	Dawid	14
dan-x-bible-1931.txt	3	David	14
deu-x-bible-elberfelder1871.txt	2	David	14
deu-x-bible-elberfelder1905.txt	2	David	14
deu-x-bible-freebible.txt	2	David	14
deu-x-bible-gruenewalder.txt	3	David	14
deu-x-bible-luther1545.txt	1	David	14
deu-x-bible-luther1545letztehand.txt	1	Dauid	14
deu-x-bible-luther1912.txt	1	David	14
deu-x-bible-menge.txt	4	David	14
deu-x-bible-neue.txt	13	David	14
deu-x-bible-pattloch.txt	1	David	14
deu-x-bible-schlachter.txt	1	David	14
deu-x-bible-tafelbibel.txt	2	David	14
deu-x-bible-textbibel.txt	1	David	14
deu-x-bible-zuercher.txt	3	David	14
eng-x-bible-darby.txt	2	David	14
eng-x-bible-kingjames.txt	2	David	14
eng-x-bible-literal.txt	2	David	14
eng-x-bible-newsimplified.txt	11	David	14
nld-x-bible-statenvertaling.txt	3	David	14
nor-x-bible-1930.txt	3	David	14
nor-x-bible-student.txt	1	David	14
swe-x-bible-folk1998.txt	1	David	14
afr-x-bible-1953.txt	13	?	15
dan-x-bible-1931.txt	16	?	15
deu-x-bible-elberfelder1871.txt	14	?	15
deu-x-bible-elberfelder1905.txt	14	?	15
deu-x-bible-freebible.txt	14	?	15
deu-x-bible-gruenewalder.txt	15	?	15
deu-x-bible-luther1545.txt	13	?	15
deu-x-bible-luther1545letztehand.txt	14	?	15
deu-x-bible-luther1912.txt	13	?	15
deu-x-bible-menge.txt	14	?	15
deu-x-bible-neue.txt	9	?	15
deu-x-bible-pattloch.txt	15	?	15
deu-x-bible-schlachter.txt	13	?	15
deu-x-bible-tafelbibel.txt	14	?	15
deu-x-bible-textbibel.txt	12	?	15
deu-x-bible-zuercher.txt	14	?	15
eng-x-bible-darby.txt	15	?	15
eng-x-bible-kingjames.txt	15	?	15
eng-x-bible-literal.txt	17	?	15
eng-x-bible-newsimplified.txt	9	?	15
nld-x-bible-statenvertaling.txt	16	?	15
nor-x-bible-1930.txt	15	?	15
nor-x-bible-student.txt	13	?	15
swe-x-bible-folk1998.txt	14	?	15
afr-x-bible-1953.txt	10	na	16
dan-x-bible-1931.txt	13	til	16
deu-x-bible-elberfelder1871.txt	10	zu	16
deu-x-bible-elberfelder1905.txt	10	zu	16
deu-x-bible-freebible.txt	10	zu	16
deu-x-bible-gruenewalder.txt	11	zu	16
deu-x-bible-luther1545.txt	10	zu	16
deu-x-bible-luther1545letztehand.txt	11	zu	16
deu-x-bible-luther1912.txt	10	zu	16
deu-x-bible-menge.txt	10	zu	16
deu-x-bible-pattloch.txt	11	zu	16
deu-x-bible-schlachter.txt	9	zu	16
deu-x-bible-tafelbibel.txt	11	zu	16
deu-x-bible-textbibel.txt	8	zu	16
deu-x-bible-zuercher.txt	10	zu	16
eng-x-bible-darby.txt	12	to	16
eng-x-bible-kingjames.txt	12	to	16
eng-x-bible-literal.txt	10	to	16
eng-x-bible-literal.txt	14	to	16
nld-x-bible-statenvertaling.txt	13	tot	16
nor-x-bible-1930.txt	12	til	16
nor-x-bible-student.txt	10	til	16
swe-x-bible-folk1998.txt	11	till	16
afr-x-bible-1953.txt	45	u	17
dan-x-bible-1931.txt	44	dig	17
deu-x-bible-elberfelder1871.txt	41	dich	17
deu-x-bible-elberfelder1905.txt	41	dich	17
deu-x-bible-freebible.txt	41	dich	17
deu-x-bible-gruenewalder.txt	41	dich	17
deu-x-bible-luther1545.txt	37	dich	17
deu-x-bible-luther1545letztehand.txt	39	dich	17
deu-x-bible-luther1912.txt	37	dich	17
deu-x-bible-menge.txt	41	dich	17
deu-x-bible-neue.txt	38	dich	17
deu-x-bible-pattloch.txt	40	dich	17
deu-x-bible-schlachter.txt	40	dich	17
deu-x-bible-tafelbibel.txt	42	dich	17
deu-x-bible-textbibel.txt	37	dich	17
deu-x-bible-zuercher.txt	37	dich	17
eng-x-bible-darby.txt	49	thee	17
eng-x-bible-kingjames.txt	47	thee	17
eng-x-bible-literal.txt	49	you	17
nld-x-bible-statenvertaling.txt	49	u	17
nor-x-bible-1930.txt	43	dig	17
nor-x-bible-student.txt	41	deg	17
swe-x-bible-folk1998.txt	43	dig	17
afr-x-bible-1953.txt	22	God	18
dan-x-bible-1931.txt	25	Gud	18
deu-x-bible-elberfelder1871.txt	22	Gott	18
deu-x-bible-elberfelder1905.txt	22	Gott	18
deu-x-bible-freebible.txt	22	Gott	18
deu-x-bible-gruenewalder.txt	24	Gott	18
deu-x-bible-luther1545.txt	20	Gott	18
deu-x-bible-luther1545letztehand.txt	21	Gott	18
deu-x-bible-luther1912.txt	20	Gott	18
deu-x-bible-menge.txt	23	Gott	18
deu-x-bible-neue.txt	23	Gott	18
deu-x-bible-pattloch.txt	24	Gott	18
deu-x-bible-schlachter.txt	20	Gott	18
deu-x-bible-tafelbibel.txt	22	Gott	18
deu-x-bible-textbibel.txt	19	Gott	18
deu-x-bible-zuercher.txt	21	Gott	18
eng-x-bible-darby.txt	24	God	18
eng-x-bible-kingjames.txt	24	God	18
eng-x-bible-literal.txt	26	God	18
eng-x-bible-newsimplified.txt	26	God’s	18
nld-x-bible-statenvertaling.txt	24	God	18
nor-x-bible-1930.txt	22	Gud	18
nor-x-bible-student.txt	22	Gud	18
swe-x-bible-folk1998.txt	27	Gud	18
afr-x-bible-1953.txt	7	jy	19
dan-x-bible-1931.txt	9	du	19
deu-x-bible-elberfelder1871.txt	8	du	19
deu-x-bible-elberfelder1905.txt	8	du	19
deu-x-bible-freebible.txt	8	du	19
deu-x-bible-gruenewalder.txt	9	du	19
deu-x-bible-luther1545.txt	7	du	19
deu-x-bible-luther1912.txt	7	du	19
deu-x-bible-menge.txt	8	du	19
deu-x-bible-neue.txt	3	du	19
deu-x-bible-pattloch.txt	9	du	19
deu-x-bible-schlachter.txt	7	du	19
deu-x-bible-tafelbibel.txt	8	du	19
deu-x-bible-textbibel.txt	6	du	19
deu-x-bible-zuercher.txt	8	du	19
eng-x-bible-darby.txt	8	thou	19
eng-x-bible-kingjames.txt	8	thou	19
eng-x-bible-literal.txt	8	you	19
eng-x-bible-newsimplified.txt	3	you	19
nld-x-bible-statenvertaling.txt	8	gij	19
nor-x-bible-1930.txt	8	du	19
nor-x-bible-student.txt	6	du	19
swe-x-bible-folk1998.txt	7	du	19
afr-x-bible-1953.txt	28	doodmaak	20
dan-x-bible-1931.txt	31	dræbe	20
deu-x-bible-elberfelder1871.txt	28	töten	20
deu-x-bible-elberfelder1905.txt	28	töten	20
deu-x-bible-freebible.txt	28	töten	20
deu-x-bible-luther1545.txt	26	tötest	20
deu-x-bible-luther1545letztehand.txt	27	tödtest	20
deu-x-bible-luther1912.txt	26	tötest	20
deu-x-bible-menge.txt	29	töten	20
deu-x-bible-neue.txt	29	tötest	20
deu-x-bible-pattloch.txt	30	töten	20
deu-x-bible-schlachter.txt	26	töten	20
deu-x-bible-tafelbibel.txt	28	töten	20
deu-x-bible-textbibel.txt	25	umbringen	20
deu-x-bible-zuercher.txt	27	töten	20
eng-x-bible-darby.txt	33	death	20
eng-x-bible-kingjames.txt	30	kill	20
eng-x-bible-literal.txt	34	death	20
eng-x-bible-newsimplified.txt	32	kill	20
nld-x-bible-statenvertaling.txt	31	doden	20
nor-x-bible-1930.txt	27	drepe	20
nor-x-bible-student.txt	26	drep	20
swe-x-bible-folk1998.txt	30	döda	20
afr-x-bible-1953.txt	21	by	21
dan-x-bible-1931.txt	24	ved	21
deu-x-bible-elberfelder1871.txt	21	bei	21
deu-x-bible-elberfelder1905.txt	21	bei	21
deu-x-bible-freebible.txt	21	bei	21
deu-x-bible-gruenewalder.txt	23	bei	21
deu-x-bible-luther1545.txt	19	bei	21
deu-x-bible-luther1545letztehand.txt	20	bey	21
deu-x-bible-luther1912.txt	19	bei	21
deu-x-bible-menge.txt	22	bei	21
deu-x-bible-neue.txt	22	bei	21
deu-x-bible-pattloch.txt	23	bei	21
deu-x-bible-schlachter.txt	19	bei	21
deu-x-bible-tafelbibel.txt	21	bei	21
deu-x-bible-textbibel.txt	18	bei	21
deu-x-bible-zuercher.txt	20	bei	21
eng-x-bible-darby.txt	23	by	21
eng-x-bible-kingjames.txt	23	by	21
eng-x-bible-literal.txt	25	by	21
nld-x-bible-statenvertaling.txt	23	bij	21
nor-x-bible-1930.txt	21	ved	21
nor-x-bible-student.txt	21	ved	21
swe-x-bible-folk1998.txt	26	vid	21
afr-x-bible-1953.txt	11	hierdie	22
dan-x-bible-1931.txt	14	denne	22
deu-x-bible-elberfelder1871.txt	11	dieser	22
deu-x-bible-elberfelder1905.txt	11	dieser	22
deu-x-bible-freebible.txt	11	dieser	22
deu-x-bible-gruenewalder.txt	12	dieser	22
deu-x-bible-luther1545.txt	11	diesen	22
deu-x-bible-luther1545letztehand.txt	12	diesen	22
deu-x-bible-luther1912.txt	11	diesen	22
deu-x-bible-menge.txt	11	dieser	22
deu-x-bible-neue.txt	6	dieser	22
deu-x-bible-pattloch.txt	12	dieser	22
deu-x-bible-schlachter.txt	10	dieser	22
deu-x-bible-tafelbibel.txt	12	diesem	22
deu-x-bible-textbibel.txt	9	dieser	22
deu-x-bible-zuercher.txt	11	dieser	22
eng-x-bible-darby.txt	13	this	22
eng-x-bible-kingjames.txt	13	this	22
eng-x-bible-literal.txt	15	this	22
nld-x-bible-statenvertaling.txt	14	deze	22
nor-x-bible-1930.txt	13	denne	22
nor-x-bible-student.txt	11	desse	22
swe-x-bible-folk1998.txt	12	denna	22
dan-x-bible-1931.txt	29	hverken	23
dan-x-bible-1931.txt	33	eller	23
deu-x-bible-elberfelder1871.txt	29	noch	23
deu-x-bible-elberfelder1905.txt	29	noch	23
deu-x-bible-freebible.txt	29	noch	23
deu-x-bible-luther1545.txt	27	noch	23
deu-x-bible-luther1545letztehand.txt	29	noch	23
deu-x-bible-luther1912.txt	27	noch	23
deu-x-bible-neue.txt	30	oder	23
deu-x-bible-pattloch.txt	29	weder	23
deu-x-bible-pattloch.txt	31	noch	23
deu-x-bible-schlachter.txt	28	noch	23
deu-x-bible-tafelbibel.txt	30	noch	23
deu-x-bible-textbibel.txt	27	noch	23
deu-x-bible-zuercher.txt	28	noch	23
eng-x-bible-darby.txt	34	nor	23
eng-x-bible-kingjames.txt	33	nor	23
eng-x-bible-literal.txt	36	nor	23
eng-x-bible-newsimplified.txt	34	or	23
nor-x-bible-1930.txt	30	heller	23
nor-x-bible-student.txt	28	eller	23
swe-x-bible-folk1998.txt	32	eller	23
afr-x-bible-1953.txt	4	hom	24
dan-x-bible-1931.txt	5	ham	24
deu-x-bible-elberfelder1871.txt	5	ihm	24
deu-x-bible-elberfelder1905.txt	5	ihm	24
deu-x-bible-freebible.txt	5	ihm	24
deu-x-bible-gruenewalder.txt	5	ihm	24
deu-x-bible-luther1545.txt	4	ihm	24
deu-x-bible-luther1545letztehand.txt	4	jm	24
deu-x-bible-luther1912.txt	4	ihm	24
deu-x-bible-menge.txt	3	ihn	24
deu-x-bible-pattloch.txt	5	ihm	24
deu-x-bible-schlachter.txt	4	ihm	24
deu-x-bible-tafelbibel.txt	5	ihm	24
deu-x-bible-textbibel.txt	3	ihn	24
deu-x-bible-zuercher.txt	5	ihm	24
eng-x-bible-darby.txt	5	him	24
eng-x-bible-kingjames.txt	5	him	24
eng-x-bible-literal.txt	5	him	24
eng-x-bible-newsimplified.txt	13	him	24
nld-x-bible-statenvertaling.txt	5	hem	24
nor-x-bible-1930.txt	5	ham	24
swe-x-bible-folk1998.txt	3	honom	24
afr-x-bible-1953.txt	12	bende	25
deu-x-bible-elberfelder1871.txt	12	Schar	25
deu-x-bible-elberfelder1905.txt	12	Schar	25
deu-x-bible-freebible.txt	12	Schar	25
deu-x-bible-gruenewalder.txt	13	Horde	25
deu-x-bible-luther1545.txt	12	Kriegsleuten	25
deu-x-bible-luther1545letztehand.txt	13	Kriegsleuten	25
deu-x-bible-luther1912.txt	12	Kriegsleuten	25
deu-x-bible-neue.txt	7	Räuberbande	25
deu-x-bible-pattloch.txt	13	Räuberschar	25
deu-x-bible-schlachter.txt	11	Horde	25
deu-x-bible-tafelbibel.txt	13	Kriegshaufen	25
deu-x-bible-textbibel.txt	10	Horde	25
deu-x-bible-zuercher.txt	12	Horde	25
eng-x-bible-darby.txt	14	troop	25
eng-x-bible-kingjames.txt	14	company	25
eng-x-bible-literal.txt	16	troop	25
eng-x-bible-newsimplified.txt	8	raiders	25
nld-x-bible-statenvertaling.txt	15	bende	25
nor-x-bible-1930.txt	14	røverflokk	25
nor-x-bible-student.txt	12	ransmennerne	25
swe-x-bible-folk1998.txt	13	rövarskara	25
afr-x-bible-1953.txt	20	my	26
afr-x-bible-1953.txt	25	my	26
dan-x-bible-1931.txt	23	mig	26
deu-x-bible-elberfelder1871.txt	20	mir	26
deu-x-bible-elberfelder1905.txt	20	mir	26
deu-x-bible-freebible.txt	20	mir	26
deu-x-bible-luther1545.txt	18	mir	26
deu-x-bible-luther1545letztehand.txt	19	mir	26
deu-x-bible-luther1912.txt	18	mir	26
deu-x-bible-menge.txt	21	mir	26
deu-x-bible-neue.txt	21	mir	26
deu-x-bible-pattloch.txt	22	mir	26
deu-x-bible-schlachter.txt	18	mir	26
deu-x-bible-tafelbibel.txt	20	mir	26
deu-x-bible-textbibel.txt	17	mir	26
deu-x-bible-zuercher.txt	19	mir	26
eng-x-bible-darby.txt	22	me	26
eng-x-bible-kingjames.txt	22	me	26
eng-x-bible-literal.txt	24	me	26
nld-x-bible-statenvertaling.txt	22	mij	26
nor-x-bible-1930.txt	20	mig	26
swe-x-bible-folk1998.txt	23	mig	26
afr-x-bible-1953.txt	17	:	27
dan-x-bible-1931.txt	20	:	27
deu-x-bible-elberfelder1871.txt	18	:	27
deu-x-bible-elberfelder1905.txt	18	:	27
deu-x-bible-freebible.txt	18	:	27
deu-x-bible-gruenewalder.txt	19	:	27
deu-x-bible-luther1545.txt	16	:	27
deu-x-bible-luther1912.txt	16	:	27
deu-x-bible-menge.txt	18	:	27
deu-x-bible-neue.txt	18	:	27
deu-x-bible-pattloch.txt	19	:	27
deu-x-bible-schlachter.txt	16	:	27
deu-x-bible-tafelbibel.txt	18	:	27
deu-x-bible-textbibel.txt	15	:	27
deu-x-bible-zuercher.txt	17	:	27
nld-x-bible-statenvertaling.txt	20	:	27
nor-x-bible-1930.txt	18	:	27
nor-x-bible-student.txt	17	:	27
swe-x-bible-folk1998.txt	18	:	27
afr-x-bible-1953.txt	8	my	28
dan-x-bible-1931.txt	11	mig	28
deu-x-bible-elberfelder1871.txt	9	mich	28
deu-x-bible-elberfelder1905.txt	9	mich	28
deu-x-bible-freebible.txt	9	mich	28
deu-x-bible-gruenewalder.txt	10	mich	28
deu-x-bible-luther1545.txt	8	mich	28
deu-x-bible-luther1545letztehand.txt	7	mich	28
deu-x-bible-luther1912.txt	8	mich	28
deu-x-bible-menge.txt	9	mich	28
deu-x-bible-neue.txt	4	mich	28
deu-x-bible-pattloch.txt	10	mich	28
deu-x-bible-schlachter.txt	8	mich	28
deu-x-bible-zuercher.txt	9	mich	28
eng-x-bible-darby.txt	10	me	28
eng-x-bible-kingjames.txt	10	me	28
eng-x-bible-literal.txt	12	me	28
eng-x-bible-newsimplified.txt	5	me	28
nld-x-bible-statenvertaling.txt	9	mij	28
nor-x-bible-1930.txt	10	mig	28
swe-x-bible-folk1998.txt	9	mig	28
afr-x-bible-1953.txt	48	hierdie	29
deu-x-bible-elberfelder1871.txt	43	dieser	29
deu-x-bible-elberfelder1905.txt	43	dieser	29
deu-x-bible-freebible.txt	43	dieser	29
deu-x-bible-gruenewalder.txt	43	dieser	29
deu-x-bible-luther1545.txt	40	diesen	29
deu-x-bible-luther1545letztehand.txt	44	diesen	29
deu-x-bible-luther1912.txt	40	diesen	29
deu-x-bible-menge.txt	43	dieser	29
deu-x-bible-neue.txt	40	dieser	29
deu-x-bible-pattloch.txt	42	dieser	29
deu-x-bible-schlachter.txt	42	dieser	29
deu-x-bible-tafelbibel.txt	44	diesem	29
deu-x-bible-textbibel.txt	39	dieser	29
deu-x-bible-zuercher.txt	39	dieser	29
eng-x-bible-darby.txt	52	this	29
eng-x-bible-kingjames.txt	50	this	29
eng-x-bible-literal.txt	52	this	29
nld-x-bible-statenvertaling.txt	51	deze	29
swe-x-bible-folk1998.txt	46	denna	29
afr-x-bible-1953.txt	6	Sal	30
dan-x-bible-1931.txt	8	Vil	30
deu-x-bible-elberfelder1871.txt	7	Willst	30
deu-x-bible-elberfelder1905.txt	7	Willst	30
deu-x-bible-freebible.txt	7	Willst	30
deu-x-bible-gruenewalder.txt	8	Willst	30
deu-x-bible-luther1545.txt	6	Willst	30
deu-x-bible-luther1545letztehand.txt	6	Wiltu	30
deu-x-bible-luther1912.txt	6	Willst	30
deu-x-bible-menge.txt	7	Willst	30
deu-x-bible-pattloch.txt	8	Willst	30
deu-x-bible-schlachter.txt	6	Willst	30
deu-x-bible-tafelbibel.txt	7	Willst	30
deu-x-bible-textbibel.txt	5	Willst	30
deu-x-bible-zuercher.txt	7	Willst	30
eng-x-bible-newsimplified.txt	2	Will	30
nld-x-bible-statenvertaling.txt	7	Zoudt	30
nor-x-bible-1930.txt	7	Vil	30
nor-x-bible-student.txt	5	Vil	30
swe-x-bible-folk1998.txt	6	Vill	30
afr-x-bible-1953.txt	5	:	31
dan-x-bible-1931.txt	6	:	31
deu-x-bible-elberfelder1871.txt	6	:	31
deu-x-bible-elberfelder1905.txt	6	:	31
deu-x-bible-freebible.txt	6	:	31
deu-x-bible-gruenewalder.txt	6	:	31
deu-x-bible-luther1545.txt	5	:	31
deu-x-bible-luther1912.txt	5	:	31
deu-x-bible-menge.txt	5	:	31
deu-x-bible-pattloch.txt	6	:	31
deu-x-bible-schlachter.txt	5	:	31
deu-x-bible-tafelbibel.txt	6	:	31
deu-x-bible-textbibel.txt	4	:	31
deu-x-bible-zuercher.txt	6	:	31
nld-x-bible-statenvertaling.txt	6	:	31
nor-x-bible-1930.txt	6	:	31
nor-x-bible-student.txt	3	:	31
swe-x-bible-folk1998.txt	4	:	31
afr-x-bible-1953.txt	42	dan	32
dan-x-bible-1931.txt	40	så	32
deu-x-bible-elberfelder1871.txt	38	so	32
deu-x-bible-elberfelder1905.txt	38	so	32
deu-x-bible-freebible.txt	38	so	32
deu-x-bible-gruenewalder.txt	38	Dann	32
deu-x-bible-luther1545.txt	34	so	32
deu-x-bible-luther1545letztehand.txt	36	So	32
deu-x-bible-luther1912.txt	34	so	32
deu-x-bible-menge.txt	38	so	32
deu-x-bible-neue.txt	35	Dann	32
deu-x-bible-pattloch.txt	37	dann	32
deu-x-bible-schlachter.txt	37	so	32
deu-x-bible-tafelbibel.txt	39	dann	32
deu-x-bible-textbibel.txt	34	so	32
deu-x-bible-zuercher.txt	34	so	32
nld-x-bible-statenvertaling.txt	46	Zo	32
nor-x-bible-student.txt	37	so	32
swe-x-bible-folk1998.txt	39	så	32
afr-x-bible-1953.txt	49	bende	33
deu-x-bible-elberfelder1871.txt	44	Schar	33
deu-x-bible-elberfelder1905.txt	44	Schar	33
deu-x-bible-freebible.txt	44	Schar	33
deu-x-bible-gruenewalder.txt	44	Horde	33
deu-x-bible-luther1545.txt	41	Kriegsleuten	33
deu-x-bible-luther1545letztehand.txt	45	Kriegsleuten	33
deu-x-bible-luther1912.txt	41	Kriegsleuten	33
deu-x-bible-schlachter.txt	43	Horde	33
deu-x-bible-tafelbibel.txt	45	Kriegshaufen	33
deu-x-bible-textbibel.txt	40	Horde	33
deu-x-bible-zuercher.txt	40	Horde	33
eng-x-bible-darby.txt	53	troop	33
eng-x-bible-kingjames.txt	51	company	33
eng-x-bible-literal.txt	53	troop	33
nld-x-bible-statenvertaling.txt	52	bende	33
nor-x-bible-1930.txt	47	røverflokk	33
nor-x-bible-student.txt	44	ransmennerne	33
swe-x-bible-folk1998.txt	47	rövarskara	33
dan-x-bible-1931.txt	4	til	34
deu-x-bible-elberfelder1871.txt	4	zu	34
deu-x-bible-elberfelder1905.txt	4	zu	34
deu-x-bible-freebible.txt	4	zu	34
deu-x-bible-gruenewalder.txt	4	zu	34
deu-x-bible-luther1545.txt	3	zu	34
deu-x-bible-luther1545letztehand.txt	3	zu	34
deu-x-bible-luther1912.txt	3	zu	34
deu-x-bible-neue.txt	5	zu	34
deu-x-bible-schlachter.txt	3	zu	34
deu-x-bible-tafelbibel.txt	4	zu	34
deu-x-bible-zuercher.txt	4	zu	34
eng-x-bible-darby.txt	4	to	34
eng-x-bible-kingjames.txt	4	to	34
eng-x-bible-literal.txt	4	to	34
eng-x-bible-newsimplified.txt	6	to	34
nld-x-bible-statenvertaling.txt	4	tot	34
nor-x-bible-1930.txt	4	til	34
afr-x-bible-1953.txt	18	Sweer	35
dan-x-bible-1931.txt	22	Tilsværg	35
deu-x-bible-elberfelder1871.txt	19	Schwöre	35
deu-x-bible-elberfelder1905.txt	19	Schwöre	35
deu-x-bible-freebible.txt	19	Schwöre	35
deu-x-bible-gruenewalder.txt	21	Schwöre	35
deu-x-bible-menge.txt	20	Schwöre	35
deu-x-bible-neue.txt	20	Schwöre	35
deu-x-bible-pattloch.txt	21	Schwöre	35
deu-x-bible-tafelbibel.txt	19	Schwöre	35
deu-x-bible-textbibel.txt	16	Schwöre	35
eng-x-bible-darby.txt	20	Swear	35
eng-x-bible-kingjames.txt	20	Swear	35
eng-x-bible-literal.txt	22	Swear	35
nld-x-bible-statenvertaling.txt	21	Zweer	35
nor-x-bible-1930.txt	19	Tilsverg	35
afr-x-bible-1953.txt	33	uitlewer	36
deu-x-bible-elberfelder1871.txt	35	ausliefern	36
deu-x-bible-elberfelder1905.txt	35	ausliefern	36
deu-x-bible-freebible.txt	35	ausliefern	36
deu-x-bible-menge.txt	35	ausliefern	36
deu-x-bible-pattloch.txt	34	ausliefern	36
deu-x-bible-schlachter.txt	34	ausliefern	36
deu-x-bible-tafelbibel.txt	36	überantworten	36
deu-x-bible-textbibel.txt	31	ausliefern	36
deu-x-bible-zuercher.txt	31	ausliefern	36
eng-x-bible-darby.txt	35	deliver	36
eng-x-bible-kingjames.txt	34	deliver	36
eng-x-bible-literal.txt	37	deliver	36
eng-x-bible-newsimplified.txt	37	over	36
nld-x-bible-statenvertaling.txt	39	overleveren	36
nor-x-bible-1930.txt	32	overgi	36
nor-x-bible-student.txt	29	gjev	36
swe-x-bible-folk1998.txt	33	utlämna	36
afr-x-bible-1953.txt	36	hand	37
deu-x-bible-elberfelder1871.txt	32	Hand	37
deu-x-bible-elberfelder1905.txt	32	Hand	37
deu-x-bible-freebible.txt	32	Hand	37
deu-x-bible-luther1545.txt	31	Hand	37
deu-x-bible-luther1545letztehand.txt	33	hand	37
deu-x-bible-luther1912.txt	31	Hand	37
deu-x-bible-schlachter.txt	31	Hand	37
deu-x-bible-tafelbibel.txt	33	Hand	37
eng-x-bible-darby.txt	40	hand	37
eng-x-bible-kingjames.txt	38	hands	37
eng-x-bible-literal.txt	43	hand	37
eng-x-bible-newsimplified.txt	35	hand	37
nld-x-bible-statenvertaling.txt	42	hand	37
nor-x-bible-1930.txt	37	hånd	37
nor-x-bible-student.txt	32	henderne	37
afr-x-bible-1953.txt	1	En	38
dan-x-bible-1931.txt	1	Da	38
deu-x-bible-elberfelder1871.txt	1	Und	38
deu-x-bible-elberfelder1905.txt	1	Und	38
deu-x-bible-freebible.txt	1	Und	38
deu-x-bible-gruenewalder.txt	1	Da	38
deu-x-bible-menge.txt	1	Da	38
deu-x-bible-tafelbibel.txt	1	Und	38
deu-x-bible-zuercher.txt	1	Da	38
eng-x-bible-darby.txt	1	And	38
eng-x-bible-kingjames.txt	1	And	38
eng-x-bible-literal.txt	1	And	38
eng-x-bible-newsimplified.txt	1	»	38
nld-x-bible-statenvertaling.txt	1	Toen	38
nor-x-bible-1930.txt	1	Da	38
dan-x-bible-1931.txt	32	mig	39
dan-x-bible-1931.txt	35	mig	39
deu-x-bible-elberfelder1871.txt	30	mich	39
deu-x-bible-elberfelder1905.txt	30	mich	39
deu-x-bible-freebible.txt	30	mich	39
deu-x-bible-gruenewalder.txt	32	mich	39
deu-x-bible-menge.txt	31	mich	39
deu-x-bible-textbibel.txt	28	mich	39
eng-x-bible-darby.txt	36	me	39
eng-x-bible-kingjames.txt	35	me	39
eng-x-bible-literal.txt	38	me	39
eng-x-bible-newsimplified.txt	33	me	39
nld-x-bible-statenvertaling.txt	36	mij	39
nor-x-bible-1930.txt	33	mig	39
nor-x-bible-student.txt	30	meg	39
swe-x-bible-folk1998.txt	34	mig	39
afr-x-bible-1953.txt	27	sal	40
afr-x-bible-1953.txt	32	sal	40
dan-x-bible-1931.txt	30	vil	40
deu-x-bible-elberfelder1871.txt	36	willst	40
deu-x-bible-elberfelder1905.txt	36	willst	40
deu-x-bible-freebible.txt	36	willst	40
deu-x-bible-menge.txt	36	willst	40
deu-x-bible-tafelbibel.txt	37	willst	40
eng-x-bible-darby.txt	28	wilt	40
eng-x-bible-kingjames.txt	28	wilt	40
eng-x-bible-literal.txt	29	will	40
eng-x-bible-newsimplified.txt	20	will	40
eng-x-bible-newsimplified.txt	29	you	40
nld-x-bible-statenvertaling.txt	30	zult	40
nld-x-bible-statenvertaling.txt	38	zult	40
nor-x-bible-1930.txt	26	vil	40
afr-x-bible-1953.txt	34	in	41
deu-x-bible-luther1545.txt	28	in	41
deu-x-bible-luther1545letztehand.txt	30	in	41
deu-x-bible-luther1912.txt	28	in	41
deu-x-bible-schlachter.txt	29	in	41
deu-x-bible-tafelbibel.txt	31	in	41
eng-x-bible-darby.txt	38	into	41
eng-x-bible-kingjames.txt	36	into	41
eng-x-bible-literal.txt	40	into	41
eng-x-bible-newsimplified.txt	25	in	41
nld-x-bible-statenvertaling.txt	40	in	41
nor-x-bible-1930.txt	34	i	41
nor-x-bible-student.txt	31	i	41
dan-x-bible-1931.txt	7	"	42
dan-x-bible-1931.txt	17	"	42
deu-x-bible-gruenewalder.txt	7	»	42
deu-x-bible-gruenewalder.txt	16	«	42
deu-x-bible-menge.txt	6	»	42
deu-x-bible-menge.txt	15	«	42
deu-x-bible-neue.txt	10	"	42
deu-x-bible-pattloch.txt	7	"	42
deu-x-bible-pattloch.txt	16	"	42
eng-x-bible-literal.txt	7	Are	42
eng-x-bible-newsimplified.txt	10	«	42
nor-x-bible-student.txt	4	«	42
nor-x-bible-student.txt	14	»	42
swe-x-bible-folk1998.txt	5	"	42
swe-x-bible-folk1998.txt	15	"	42
afr-x-bible-1953.txt	9	afbring	43
deu-x-bible-gruenewalder.txt	14	führen	43
deu-x-bible-luther1545letztehand.txt	10	füren	43
deu-x-bible-pattloch.txt	14	führen	43
eng-x-bible-darby.txt	9	bring	43
eng-x-bible-kingjames.txt	9	bring	43
eng-x-bible-literal.txt	11	bring	43
eng-x-bible-newsimplified.txt	4	lead	43
nor-x-bible-1930.txt	9	føre	43
swe-x-bible-folk1998.txt	8	föra	43
deu-x-bible-elberfelder1871.txt	45	hinabführen	44
deu-x-bible-elberfelder1905.txt	45	hinabführen	44
deu-x-bible-freebible.txt	45	hinabführen	44
deu-x-bible-luther1545.txt	38	hinabführen	44
deu-x-bible-luther1912.txt	38	hinabführen	44
deu-x-bible-menge.txt	45	hinabführen	44
deu-x-bible-schlachter.txt	44	hinabführen	44
deu-x-bible-tafelbibel.txt	46	hinabbringen	44
deu-x-bible-textbibel.txt	41	hinführen	44
deu-x-bible-zuercher.txt	41	hinabführen	44
deu-x-bible-elberfelder1871.txt	13	hinabführen	45
deu-x-bible-elberfelder1905.txt	13	hinabführen	45
deu-x-bible-freebible.txt	13	hinabführen	45
deu-x-bible-luther1545.txt	9	hinabführen	45
deu-x-bible-menge.txt	13	hinabführen	45
deu-x-bible-schlachter.txt	12	hinabführen	45
deu-x-bible-tafelbibel.txt	10	hinabbringen	45
deu-x-bible-textbibel.txt	11	hinführen	45
deu-x-bible-zuercher.txt	13	hinabführen	45
afr-x-bible-1953.txt	46	afbring	46
deu-x-bible-gruenewalder.txt	39	führe	46
deu-x-bible-luther1545letztehand.txt	42	füren	46
deu-x-bible-pattloch.txt	44	führen	46
eng-x-bible-darby.txt	48	bring	46
eng-x-bible-kingjames.txt	46	bring	46
eng-x-bible-literal.txt	48	bring	46
nor-x-bible-1930.txt	42	føre	46
swe-x-bible-folk1998.txt	42	föra	46
afr-x-bible-1953.txt	14	En	47
deu-x-bible-elberfelder1871.txt	15	Und	47
deu-x-bible-elberfelder1905.txt	15	Und	47
deu-x-bible-freebible.txt	15	Und	47
deu-x-bible-neue.txt	15	Der	47
deu-x-bible-tafelbibel.txt	15	Und	47
eng-x-bible-darby.txt	16	And	47
eng-x-bible-kingjames.txt	16	And	47
eng-x-bible-literal.txt	18	And	47
dan-x-bible-1931.txt	21	"	48
deu-x-bible-gruenewalder.txt	20	»	48
deu-x-bible-menge.txt	19	»	48
deu-x-bible-neue.txt	19	"	48
deu-x-bible-pattloch.txt	20	"	48
eng-x-bible-newsimplified.txt	18	»	48
nor-x-bible-student.txt	18	«	48
nor-x-bible-student.txt	19	Gjer	48
swe-x-bible-folk1998.txt	19	"	48
deu-x-bible-gruenewalder.txt	45	hinab	49
deu-x-bible-luther1545letztehand.txt	41	ab	49
eng-x-bible-darby.txt	50	down	49
eng-x-bible-kingjames.txt	48	down	49
eng-x-bible-literal.txt	50	down	49
nor-x-bible-1930.txt	44	ned	49
swe-x-bible-folk1998.txt	44	ner	49
deu-x-bible-pattloch.txt	35	wirst	50
deu-x-bible-schlachter.txt	35	wirst	50
deu-x-bible-textbibel.txt	32	wirst	50
deu-x-bible-zuercher.txt	32	wirst	50
eng-x-bible-newsimplified.txt	30	will	50
nor-x-bible-1930.txt	48	du	50
nor-x-bible-student.txt	38	skal	50
deu-x-bible-luther1545letztehand.txt	9	ab	51
eng-x-bible-darby.txt	11	down	51
eng-x-bible-kingjames.txt	11	down	51
eng-x-bible-literal.txt	13	down	51
nor-x-bible-1930.txt	11	ned	51
swe-x-bible-folk1998.txt	10	ner	51
afr-x-bible-1953.txt	29	en	52
deu-x-bible-gruenewalder.txt	31	und	52
deu-x-bible-menge.txt	30	und	52
nld-x-bible-statenvertaling.txt	33	en	52
nor-x-bible-1930.txt	29	og	52
dan-x-bible-1931.txt	12	Vej	53
deu-x-bible-luther1545letztehand.txt	8	hin	53
nld-x-bible-statenvertaling.txt	11	henen	53
nor-x-bible-student.txt	9	veg	53
deu-x-bible-neue.txt	2	Kannst	54
eng-x-bible-darby.txt	7	Canst	54
eng-x-bible-kingjames.txt	7	Canst	54
afr-x-bible-1953.txt	37	van	55
eng-x-bible-darby.txt	41	of	55
eng-x-bible-kingjames.txt	39	of	55
dan-x-bible-1931.txt	45	Vej	56
deu-x-bible-luther1545letztehand.txt	40	hin	56
nor-x-bible-student.txt	42	vegen	56
deu-x-bible-elberfelder1871.txt	31	der	57
deu-x-bible-elberfelder1905.txt	31	der	57
deu-x-bible-freebible.txt	31	der	57
deu-x-bible-tafelbibel.txt	9	uns	58
deu-x-bible-textbibel.txt	7	uns	58
nor-x-bible-student.txt	8	oss	58
eng-x-bible-darby.txt	45	and	59
eng-x-bible-kingjames.txt	43	and	59
eng-x-bible-literal.txt	45	and	59
afr-x-bible-1953.txt	19	vir	60
eng-x-bible-darby.txt	21	to	60
eng-x-bible-kingjames.txt	21	unto	60
eng-x-bible-literal.txt	23	to	60
eng-x-bible-newsimplified.txt	23	promise	61
nor-x-bible-student.txt	20	eid	61
swe-x-bible-folk1998.txt	25	ed	61
afr-x-bible-1953.txt	41	;	62
deu-x-bible-pattloch.txt	36	;	62
dan-x-bible-1931.txt	47	den	63
nor-x-bible-1930.txt	46	den	63
dan-x-bible-1931.txt	10	vise	64
nor-x-bible-student.txt	7	syna	64
deu-x-bible-gruenewalder.txt	22	mit	65
swe-x-bible-folk1998.txt	24	med	65
deu-x-bible-neue.txt	14	.	66
eng-x-bible-newsimplified.txt	14	.	66
deu-x-bible-schlachter.txt	30	die	67
deu-x-bible-tafelbibel.txt	32	die	67
eng-x-bible-darby.txt	30	put	68
eng-x-bible-literal.txt	31	put	68
eng-x-bible-darby.txt	37	up	69
eng-x-bible-literal.txt	39	up	69
eng-x-bible-darby.txt	32	to	70
eng-x-bible-literal.txt	33	to	70
eng-x-bible-newsimplified.txt	21	if	71
swe-x-bible-folk1998.txt	20	Om	71
deu-x-bible-gruenewalder.txt	37	!	72
deu-x-bible-neue.txt	34	!	72
nld-x-bible-statenvertaling.txt	45	!	72
