afr-x-bible-1953.txt	34	tot	1
dan-x-bible-1931.txt	16	lige	1
dan-x-bible-1931.txt	22	til	1
deu-x-bible-elberfelder1871.txt	20	bis	1
deu-x-bible-elberfelder1871.txt	26	zu	1
deu-x-bible-elberfelder1905.txt	20	bis	1
deu-x-bible-elberfelder1905.txt	26	zu	1
deu-x-bible-freebible.txt	20	bis	1
deu-x-bible-freebible.txt	26	zu	1
deu-x-bible-gruenewalder.txt	29	bis	1
deu-x-bible-luther1545.txt	28	bis	1
deu-x-bible-luther1545letztehand.txt	27	bis	1
deu-x-bible-luther1912.txt	27	bis	1
deu-x-bible-menge.txt	31	bis	1
deu-x-bible-neue.txt	28	bis	1
deu-x-bible-pattloch.txt	26	bis	1
deu-x-bible-schlachter.txt	28	bis	1
deu-x-bible-textbibel.txt	33	bis	1
deu-x-bible-zuercher.txt	36	bis	1
eng-x-bible-darby.txt	28	unto	1
eng-x-bible-kingjames.txt	30	unto	1
eng-x-bible-literal.txt	28	to	1
eng-x-bible-newsimplified.txt	22	border	1
nld-x-bible-statenvertaling.txt	26	af	1
nld-x-bible-statenvertaling.txt	30	tot	1
nor-x-bible-1930.txt	24	like	1
nor-x-bible-student.txt	21	like	1
nor-x-bible-student.txt	28	til	1
swe-x-bible-folk1998.txt	32	ända	1
afr-x-bible-1953.txt	29	van	2
dan-x-bible-1931.txt	17	fra	2
deu-x-bible-elberfelder1871.txt	16	von	2
deu-x-bible-elberfelder1905.txt	16	von	2
deu-x-bible-freebible.txt	16	von	2
deu-x-bible-gruenewalder.txt	24	von	2
deu-x-bible-luther1545.txt	25	von	2
deu-x-bible-luther1545letztehand.txt	24	von	2
deu-x-bible-luther1912.txt	24	von	2
deu-x-bible-menge.txt	25	von	2
deu-x-bible-neue.txt	20	aus	2
deu-x-bible-neue.txt	26	von	2
deu-x-bible-pattloch.txt	22	von	2
deu-x-bible-schlachter.txt	25	von	2
deu-x-bible-textbibel.txt	23	von	2
deu-x-bible-zuercher.txt	28	aus	2
deu-x-bible-zuercher.txt	33	von	2
eng-x-bible-darby.txt	23	from	2
eng-x-bible-darby.txt	26	of	2
eng-x-bible-kingjames.txt	24	from	2
eng-x-bible-kingjames.txt	28	of	2
eng-x-bible-literal.txt	22	from	2
eng-x-bible-literal.txt	26	of	2
eng-x-bible-newsimplified.txt	17	from	2
eng-x-bible-newsimplified.txt	23	of	2
nld-x-bible-statenvertaling.txt	23	van	2
nld-x-bible-statenvertaling.txt	27	van	2
nor-x-bible-1930.txt	25	fra	2
nor-x-bible-student.txt	22	frå	2
afr-x-bible-1953.txt	18	hele	3
dan-x-bible-1931.txt	10	hele	3
deu-x-bible-elberfelder1871.txt	6	ganz	3
deu-x-bible-elberfelder1905.txt	6	ganz	3
deu-x-bible-freebible.txt	6	ganz	3
deu-x-bible-gruenewalder.txt	14	ganz	3
deu-x-bible-luther1545.txt	15	ganze	3
deu-x-bible-luther1545letztehand.txt	15	gantz	3
deu-x-bible-luther1912.txt	14	ganze	3
deu-x-bible-menge.txt	13	ganz	3
deu-x-bible-neue.txt	8	ganz	3
deu-x-bible-pattloch.txt	13	ganz	3
deu-x-bible-schlachter.txt	15	ganz	3
deu-x-bible-textbibel.txt	13	ganz	3
deu-x-bible-zuercher.txt	18	ganz	3
eng-x-bible-darby.txt	13	all	3
eng-x-bible-kingjames.txt	14	all	3
eng-x-bible-literal.txt	13	all	3
eng-x-bible-newsimplified.txt	4	all	3
eng-x-bible-newsimplified.txt	15	crowd	3
nld-x-bible-statenvertaling.txt	13	gans	3
nor-x-bible-1930.txt	11	hele	3
nor-x-bible-student.txt	12	heile	3
swe-x-bible-folk1998.txt	13	hela	3
afr-x-bible-1953.txt	9	fees	4
dan-x-bible-1931.txt	7	Højtiden	4
deu-x-bible-gruenewalder.txt	8	Fest	4
deu-x-bible-luther1545.txt	8	Fest	4
deu-x-bible-luther1545letztehand.txt	8	Fest	4
deu-x-bible-luther1912.txt	8	Fest	4
deu-x-bible-menge.txt	8	Fest	4
deu-x-bible-neue.txt	6	Laubhüttenfest	4
deu-x-bible-pattloch.txt	10	Fest	4
deu-x-bible-schlachter.txt	8	Fest	4
deu-x-bible-textbibel.txt	8	Fest	4
deu-x-bible-zuercher.txt	8	Fest	4
eng-x-bible-darby.txt	8	feast	4
eng-x-bible-kingjames.txt	9	feast	4
eng-x-bible-literal.txt	8	feast	4
eng-x-bible-newsimplified.txt	8	Festival	4
eng-x-bible-newsimplified.txt	10	Booths	4
nld-x-bible-statenvertaling.txt	8	feest	4
nor-x-bible-1930.txt	7	festen	4
nor-x-bible-student.txt	6	helgi	4
swe-x-bible-folk1998.txt	6	högtiden	4
afr-x-bible-1953.txt	24	'n	5
dan-x-bible-1931.txt	13	en	5
deu-x-bible-elberfelder1871.txt	11	eine	5
deu-x-bible-elberfelder1905.txt	11	eine	5
deu-x-bible-freebible.txt	11	eine	5
deu-x-bible-gruenewalder.txt	19	eine	5
deu-x-bible-luther1545.txt	20	eine	5
deu-x-bible-luther1545letztehand.txt	19	ein	5
deu-x-bible-luther1912.txt	19	eine	5
deu-x-bible-menge.txt	18	eine	5
deu-x-bible-neue.txt	16	eine	5
deu-x-bible-pattloch.txt	18	eine	5
deu-x-bible-schlachter.txt	20	eine	5
deu-x-bible-textbibel.txt	18	eine	5
deu-x-bible-zuercher.txt	23	eine	5
eng-x-bible-darby.txt	18	a	5
eng-x-bible-kingjames.txt	19	a	5
eng-x-bible-literal.txt	18	a	5
eng-x-bible-newsimplified.txt	12	A	5
nld-x-bible-statenvertaling.txt	18	een	5
nor-x-bible-1930.txt	16	en	5
nor-x-bible-student.txt	17	ein	5
swe-x-bible-folk1998.txt	18	en	5
afr-x-bible-1953.txt	21	met	6
dan-x-bible-1931.txt	9	med	6
deu-x-bible-elberfelder1871.txt	8	mit	6
deu-x-bible-elberfelder1905.txt	8	mit	6
deu-x-bible-freebible.txt	8	mit	6
deu-x-bible-gruenewalder.txt	16	mit	6
deu-x-bible-luther1545.txt	17	mit	6
deu-x-bible-luther1545letztehand.txt	17	mit	6
deu-x-bible-luther1912.txt	16	mit	6
deu-x-bible-menge.txt	15	mit	6
deu-x-bible-neue.txt	7	mit	6
deu-x-bible-pattloch.txt	12	mit	6
deu-x-bible-schlachter.txt	17	mit	6
deu-x-bible-textbibel.txt	15	mit	6
deu-x-bible-zuercher.txt	20	mit	6
eng-x-bible-darby.txt	15	with	6
eng-x-bible-kingjames.txt	16	with	6
eng-x-bible-literal.txt	15	with	6
nld-x-bible-statenvertaling.txt	15	met	6
nor-x-bible-1930.txt	13	med	6
nor-x-bible-student.txt	11	med	6
swe-x-bible-folk1998.txt	11	med	6
afr-x-bible-1953.txt	3	Salomo	7
dan-x-bible-1931.txt	3	Salomo	7
deu-x-bible-elberfelder1871.txt	4	Salomo	7
deu-x-bible-elberfelder1905.txt	4	Salomo	7
deu-x-bible-freebible.txt	4	Salomo	7
deu-x-bible-gruenewalder.txt	3	Salomo	7
deu-x-bible-luther1545.txt	2	Salomo	7
deu-x-bible-luther1545letztehand.txt	2	Salomo	7
deu-x-bible-luther1912.txt	2	Salomo	7
deu-x-bible-menge.txt	5	Salomo	7
deu-x-bible-neue.txt	1	Salomo	7
deu-x-bible-pattloch.txt	3	Salomo	7
deu-x-bible-schlachter.txt	6	Salomo	7
deu-x-bible-textbibel.txt	3	Salomo	7
deu-x-bible-zuercher.txt	2	Salomo	7
eng-x-bible-darby.txt	5	Solomon	7
eng-x-bible-kingjames.txt	6	Solomon	7
eng-x-bible-literal.txt	2	Solomon	7
eng-x-bible-newsimplified.txt	2	Solomon	7
nld-x-bible-statenvertaling.txt	1	Salomo	7
nor-x-bible-1930.txt	5	Salomo	7
nor-x-bible-student.txt	5	Salomo	7
swe-x-bible-folk1998.txt	5	Salomo	7
afr-x-bible-1953.txt	19	Israel	8
dan-x-bible-1931.txt	11	Israel	8
deu-x-bible-elberfelder1871.txt	7	Israel	8
deu-x-bible-elberfelder1905.txt	7	Israel	8
deu-x-bible-freebible.txt	7	Israel	8
deu-x-bible-gruenewalder.txt	15	Israel	8
deu-x-bible-luther1545.txt	16	Israel	8
deu-x-bible-luther1545letztehand.txt	16	Jsrael	8
deu-x-bible-luther1912.txt	15	Israel	8
deu-x-bible-menge.txt	14	Israel	8
deu-x-bible-neue.txt	9	Israel	8
deu-x-bible-pattloch.txt	14	Israel	8
deu-x-bible-schlachter.txt	16	Israel	8
deu-x-bible-textbibel.txt	14	Israel	8
deu-x-bible-zuercher.txt	19	Israel	8
eng-x-bible-darby.txt	14	Israel	8
eng-x-bible-kingjames.txt	15	Israel	8
eng-x-bible-literal.txt	14	Israel	8
eng-x-bible-newsimplified.txt	5	Israel	8
nld-x-bible-statenvertaling.txt	14	Israel	8
nor-x-bible-1930.txt	12	Israel	8
nor-x-bible-student.txt	13	Israel	8
swe-x-bible-folk1998.txt	14	Israel	8
afr-x-bible-1953.txt	37	spruit	9
dan-x-bible-1931.txt	24	Bæk	9
deu-x-bible-elberfelder1871.txt	23	Fluß	9
deu-x-bible-elberfelder1905.txt	23	Fluß	9
deu-x-bible-freebible.txt	23	Fluss	9
deu-x-bible-gruenewalder.txt	31	Bach	9
deu-x-bible-luther1545.txt	31	Bach	9
deu-x-bible-luther1545letztehand.txt	30	bach	9
deu-x-bible-luther1912.txt	30	Bach	9
deu-x-bible-menge.txt	34	Bach	9
deu-x-bible-neue.txt	30	Bach	9
deu-x-bible-pattloch.txt	28	Bach	9
deu-x-bible-schlachter.txt	31	Bach	9
deu-x-bible-textbibel.txt	35	Bach	9
deu-x-bible-zuercher.txt	39	Bach	9
eng-x-bible-darby.txt	30	torrent	9
eng-x-bible-kingjames.txt	32	river	9
eng-x-bible-literal.txt	30	river	9
eng-x-bible-newsimplified.txt	27	River	9
nld-x-bible-statenvertaling.txt	32	rivier	9
nor-x-bible-1930.txt	30	bekk	9
nor-x-bible-student.txt	32	Egyptarlands-bekken	9
swe-x-bible-folk1998.txt	35	bäck	9
afr-x-bible-1953.txt	39	Egipte	10
dan-x-bible-1931.txt	23	Ægyptens	10
deu-x-bible-elberfelder1871.txt	24	Ägyptens	10
deu-x-bible-elberfelder1905.txt	24	Ägyptens	10
deu-x-bible-freebible.txt	24	Ägyptens	10
deu-x-bible-gruenewalder.txt	32	Ägyptens	10
deu-x-bible-luther1545.txt	32	Ägyptens	10
deu-x-bible-luther1545letztehand.txt	31	Egypti	10
deu-x-bible-luther1912.txt	31	Ägyptens	10
deu-x-bible-menge.txt	35	Ägyptens	10
deu-x-bible-neue.txt	31	Ägyptens	10
deu-x-bible-pattloch.txt	29	Ägyptens	10
deu-x-bible-schlachter.txt	32	Ägyptens	10
deu-x-bible-textbibel.txt	36	Ägyptens	10
deu-x-bible-zuercher.txt	40	Ägyptens	10
eng-x-bible-darby.txt	32	Egypt	10
eng-x-bible-kingjames.txt	34	Egypt	10
eng-x-bible-literal.txt	32	Egypt	10
eng-x-bible-newsimplified.txt	29	Egypt	10
nld-x-bible-statenvertaling.txt	34	Egypte	10
nor-x-bible-1930.txt	29	Egyptens	10
swe-x-bible-folk1998.txt	34	Egyptens	10
afr-x-bible-1953.txt	26	groot	11
dan-x-bible-1931.txt	14	vældig	11
deu-x-bible-elberfelder1871.txt	13	große	11
deu-x-bible-elberfelder1905.txt	13	große	11
deu-x-bible-freebible.txt	13	grosse	11
deu-x-bible-gruenewalder.txt	21	große	11
deu-x-bible-luther1545.txt	22	große	11
deu-x-bible-luther1545letztehand.txt	21	grosse	11
deu-x-bible-luther1912.txt	21	große	11
deu-x-bible-menge.txt	19	gewaltige	11
deu-x-bible-neue.txt	18	große	11
deu-x-bible-pattloch.txt	20	große	11
deu-x-bible-schlachter.txt	22	große	11
deu-x-bible-textbibel.txt	20	große	11
deu-x-bible-zuercher.txt	25	grosse	11
eng-x-bible-darby.txt	20	great	11
eng-x-bible-kingjames.txt	21	great	11
eng-x-bible-literal.txt	19	great	11
eng-x-bible-newsimplified.txt	14	large	11
nld-x-bible-statenvertaling.txt	20	grote	11
nor-x-bible-1930.txt	17	stor	11
swe-x-bible-folk1998.txt	20	stor	11
afr-x-bible-1953.txt	10	gehou	12
dan-x-bible-1931.txt	1	Samtidig	12
dan-x-bible-1931.txt	2	fejrede	12
deu-x-bible-elberfelder1871.txt	3	feierten	12
deu-x-bible-elberfelder1905.txt	3	feierten	12
deu-x-bible-freebible.txt	3	feierten	12
deu-x-bible-luther1545.txt	3	hielt	12
deu-x-bible-luther1545letztehand.txt	3	hielt	12
deu-x-bible-luther1912.txt	3	hielt	12
deu-x-bible-menge.txt	4	beging	12
deu-x-bible-neue.txt	2	feierte	12
deu-x-bible-pattloch.txt	2	feierte	12
deu-x-bible-schlachter.txt	5	hielt	12
deu-x-bible-textbibel.txt	2	beging	12
deu-x-bible-zuercher.txt	3	beging	12
eng-x-bible-darby.txt	6	held	12
eng-x-bible-kingjames.txt	7	kept	12
eng-x-bible-literal.txt	6	kept	12
eng-x-bible-newsimplified.txt	6	celebrated	12
nld-x-bible-statenvertaling.txt	2	hield	12
nor-x-bible-1930.txt	4	feiret	12
nor-x-bible-student.txt	4	høgtida	12
swe-x-bible-folk1998.txt	4	firade	12
afr-x-bible-1953.txt	40	.	13
dan-x-bible-1931.txt	25	.	13
deu-x-bible-elberfelder1871.txt	33	.	13
deu-x-bible-elberfelder1905.txt	33	.	13
deu-x-bible-freebible.txt	33	.	13
deu-x-bible-gruenewalder.txt	33	.	13
deu-x-bible-luther1545.txt	33	.	13
deu-x-bible-menge.txt	36	.	13
deu-x-bible-neue.txt	32	.	13
deu-x-bible-pattloch.txt	30	.	13
deu-x-bible-schlachter.txt	33	;	13
deu-x-bible-textbibel.txt	37	.	13
deu-x-bible-zuercher.txt	41	.	13
eng-x-bible-darby.txt	33	.	13
eng-x-bible-kingjames.txt	35	.	13
eng-x-bible-literal.txt	33	.	13
eng-x-bible-newsimplified.txt	30	.	13
nld-x-bible-statenvertaling.txt	35	.	13
nor-x-bible-1930.txt	31	.	13
nor-x-bible-student.txt	33	.	13
swe-x-bible-folk1998.txt	36	.	13
afr-x-bible-1953.txt	27	vergadering	14
dan-x-bible-1931.txt	15	Forsamling	14
deu-x-bible-elberfelder1871.txt	14	Versammlung	14
deu-x-bible-elberfelder1905.txt	14	Versammlung	14
deu-x-bible-freebible.txt	14	Versammlung	14
deu-x-bible-gruenewalder.txt	22	Gemeinde	14
deu-x-bible-luther1545.txt	23	Gemeine	14
deu-x-bible-luther1545letztehand.txt	22	Gemeine	14
deu-x-bible-luther1912.txt	22	Gemeinde	14
deu-x-bible-neue.txt	19	Versammlung	14
deu-x-bible-pattloch.txt	21	Volksversammlung	14
deu-x-bible-schlachter.txt	23	Gemeinde	14
deu-x-bible-textbibel.txt	21	Versammlung	14
deu-x-bible-zuercher.txt	26	Versammlung	14
eng-x-bible-darby.txt	21	congregation	14
eng-x-bible-kingjames.txt	22	congregation	14
eng-x-bible-literal.txt	20	company	14
nld-x-bible-statenvertaling.txt	21	gemeente	14
nor-x-bible-1930.txt	23	sammen	14
swe-x-bible-folk1998.txt	21	församling	14
afr-x-bible-1953.txt	33	Hamat	15
dan-x-bible-1931.txt	20	Hamat	15
deu-x-bible-gruenewalder.txt	28	Hamat	15
deu-x-bible-luther1545.txt	26	Hemath	15
deu-x-bible-luther1545letztehand.txt	25	Hemath	15
deu-x-bible-luther1912.txt	25	Hamath	15
deu-x-bible-menge.txt	29	Hamath	15
deu-x-bible-neue.txt	27	Lebo-Hamat	15
deu-x-bible-pattloch.txt	25	Hamat	15
deu-x-bible-schlachter.txt	26	Chamat	15
deu-x-bible-textbibel.txt	30	Hamath	15
deu-x-bible-textbibel.txt	31	hineingeht	15
deu-x-bible-zuercher.txt	34	Hamath	15
eng-x-bible-darby.txt	27	Hamath	15
eng-x-bible-kingjames.txt	29	Hamath	15
eng-x-bible-literal.txt	27	Hamath	15
eng-x-bible-newsimplified.txt	24	Hamath	15
nld-x-bible-statenvertaling.txt	28	Hamath	15
nor-x-bible-student.txt	29	Hamat	15
swe-x-bible-folk1998.txt	30	Hamat	15
afr-x-bible-1953.txt	1	So	16
deu-x-bible-elberfelder1871.txt	1	Und	16
deu-x-bible-elberfelder1905.txt	1	Und	16
deu-x-bible-freebible.txt	1	Und	16
deu-x-bible-gruenewalder.txt	1	So	16
deu-x-bible-luther1545.txt	1	Und	16
deu-x-bible-luther1545letztehand.txt	1	VND	16
deu-x-bible-luther1912.txt	1	Und	16
deu-x-bible-menge.txt	1	Auf	16
deu-x-bible-menge.txt	3	Weise	16
deu-x-bible-pattloch.txt	1	So	16
deu-x-bible-schlachter.txt	1	Und	16
deu-x-bible-textbibel.txt	1	So	16
deu-x-bible-zuercher.txt	1	Und	16
eng-x-bible-darby.txt	1	And	16
eng-x-bible-kingjames.txt	1	Also	16
eng-x-bible-literal.txt	1	And	16
eng-x-bible-newsimplified.txt	1	Then	16
nor-x-bible-student.txt	1	På	16
afr-x-bible-1953.txt	25	baie	17
deu-x-bible-elberfelder1871.txt	12	sehr	17
deu-x-bible-elberfelder1905.txt	12	sehr	17
deu-x-bible-freebible.txt	12	sehr	17
deu-x-bible-gruenewalder.txt	20	sehr	17
deu-x-bible-luther1545.txt	21	sehr	17
deu-x-bible-luther1545letztehand.txt	20	seer	17
deu-x-bible-luther1912.txt	20	sehr	17
deu-x-bible-neue.txt	17	sehr	17
deu-x-bible-pattloch.txt	19	sehr	17
deu-x-bible-schlachter.txt	21	sehr	17
deu-x-bible-textbibel.txt	19	sehr	17
deu-x-bible-zuercher.txt	24	überaus	17
eng-x-bible-darby.txt	19	very	17
eng-x-bible-kingjames.txt	20	very	17
eng-x-bible-newsimplified.txt	13	very	17
nld-x-bible-statenvertaling.txt	19	zeer	17
nor-x-bible-1930.txt	18	mengde	17
nor-x-bible-student.txt	18	ovstor	17
swe-x-bible-folk1998.txt	19	mycket	17
afr-x-bible-1953.txt	13	dae	18
dan-x-bible-1931.txt	6	Dage	18
deu-x-bible-gruenewalder.txt	10	Tage	18
deu-x-bible-luther1545.txt	10	Tage	18
deu-x-bible-luther1545letztehand.txt	10	tag	18
deu-x-bible-luther1912.txt	10	Tage	18
deu-x-bible-menge.txt	10	Tage	18
deu-x-bible-neue.txt	11	Tage	18
deu-x-bible-pattloch.txt	6	Tage	18
deu-x-bible-schlachter.txt	11	Tage	18
deu-x-bible-textbibel.txt	10	Tage	18
deu-x-bible-zuercher.txt	14	Tage	18
eng-x-bible-darby.txt	10	days	18
eng-x-bible-kingjames.txt	11	days	18
eng-x-bible-literal.txt	10	days	18
nld-x-bible-statenvertaling.txt	10	dagen	18
nor-x-bible-1930.txt	3	dager	18
nor-x-bible-student.txt	9	dagar	18
swe-x-bible-folk1998.txt	9	dagar	18
afr-x-bible-1953.txt	12	sewe	19
dan-x-bible-1931.txt	5	syv	19
deu-x-bible-gruenewalder.txt	9	sieben	19
deu-x-bible-luther1545.txt	9	sieben	19
deu-x-bible-luther1545letztehand.txt	9	sieben	19
deu-x-bible-luther1912.txt	9	sieben	19
deu-x-bible-menge.txt	9	sieben	19
deu-x-bible-neue.txt	10	sieben	19
deu-x-bible-pattloch.txt	5	sieben	19
deu-x-bible-schlachter.txt	10	sieben	19
deu-x-bible-textbibel.txt	9	sieben	19
deu-x-bible-zuercher.txt	13	sieben	19
eng-x-bible-darby.txt	9	seven	19
eng-x-bible-kingjames.txt	10	seven	19
eng-x-bible-literal.txt	9	seven	19
nld-x-bible-statenvertaling.txt	9	zeven	19
nor-x-bible-1930.txt	2	syv	19
nor-x-bible-student.txt	8	sju	19
swe-x-bible-folk1998.txt	8	sju	19
afr-x-bible-1953.txt	7	tyd	20
deu-x-bible-gruenewalder.txt	6	Zeit	20
deu-x-bible-luther1545.txt	6	Zeit	20
deu-x-bible-luther1545letztehand.txt	6	zeit	20
deu-x-bible-luther1912.txt	6	Zeit	20
deu-x-bible-menge.txt	6	damals	20
deu-x-bible-pattloch.txt	4	damals	20
deu-x-bible-schlachter.txt	4	Zeit	20
deu-x-bible-textbibel.txt	6	Zeit	20
deu-x-bible-zuercher.txt	6	Zeit	20
eng-x-bible-darby.txt	4	time	20
eng-x-bible-kingjames.txt	5	time	20
eng-x-bible-literal.txt	5	time	20
nld-x-bible-statenvertaling.txt	6	tijd	20
nor-x-bible-1930.txt	6	dengang	20
nor-x-bible-student.txt	3	tid	20
swe-x-bible-folk1998.txt	3	tillfälle	20
afr-x-bible-1953.txt	22	hom	21
deu-x-bible-elberfelder1871.txt	9	ihm	21
deu-x-bible-elberfelder1905.txt	9	ihm	21
deu-x-bible-freebible.txt	9	ihm	21
deu-x-bible-gruenewalder.txt	17	ihm	21
deu-x-bible-luther1545.txt	18	ihm	21
deu-x-bible-luther1545letztehand.txt	18	jm	21
deu-x-bible-luther1912.txt	17	ihm	21
deu-x-bible-menge.txt	16	ihm	21
deu-x-bible-schlachter.txt	18	ihm	21
deu-x-bible-textbibel.txt	16	ihm	21
deu-x-bible-zuercher.txt	21	ihm	21
eng-x-bible-darby.txt	16	him	21
eng-x-bible-kingjames.txt	17	him	21
eng-x-bible-literal.txt	16	him	21
nld-x-bible-statenvertaling.txt	16	hem	21
nor-x-bible-1930.txt	14	ham	21
swe-x-bible-folk1998.txt	12	honom	21
afr-x-bible-1953.txt	16	en	22
deu-x-bible-gruenewalder.txt	13	und	22
deu-x-bible-luther1545.txt	13	und	22
deu-x-bible-luther1545letztehand.txt	13	vnd	22
deu-x-bible-luther1912.txt	12	und	22
deu-x-bible-menge.txt	12	und	22
deu-x-bible-schlachter.txt	14	und	22
deu-x-bible-textbibel.txt	12	und	22
deu-x-bible-zuercher.txt	17	und	22
eng-x-bible-darby.txt	12	and	22
eng-x-bible-kingjames.txt	13	and	22
eng-x-bible-literal.txt	12	and	22
nld-x-bible-statenvertaling.txt	12	en	22
nor-x-bible-1930.txt	10	og	22
swe-x-bible-folk1998.txt	10	och	22
afr-x-bible-1953.txt	6	dié	23
deu-x-bible-gruenewalder.txt	5	jener	23
deu-x-bible-luther1545.txt	5	derselben	23
deu-x-bible-luther1545letztehand.txt	5	derselben	23
deu-x-bible-luther1912.txt	5	derselben	23
deu-x-bible-neue.txt	3	damals	23
deu-x-bible-schlachter.txt	3	jener	23
deu-x-bible-textbibel.txt	5	jener	23
deu-x-bible-zuercher.txt	5	jener	23
eng-x-bible-darby.txt	3	that	23
eng-x-bible-kingjames.txt	4	same	23
eng-x-bible-literal.txt	4	that	23
nld-x-bible-statenvertaling.txt	5	zelfder	23
nor-x-bible-student.txt	2	den	23
swe-x-bible-folk1998.txt	1	Vid	23
dan-x-bible-1931.txt	19	ved	24
deu-x-bible-elberfelder1871.txt	21	an	24
deu-x-bible-elberfelder1905.txt	21	an	24
deu-x-bible-freebible.txt	21	an	24
deu-x-bible-luther1545.txt	27	an	24
deu-x-bible-luther1545letztehand.txt	26	an	24
deu-x-bible-luther1912.txt	26	an	24
deu-x-bible-menge.txt	30	an	24
deu-x-bible-schlachter.txt	27	an	24
deu-x-bible-textbibel.txt	25	an	24
deu-x-bible-zuercher.txt	35	an	24
nor-x-bible-student.txt	24	staden	24
swe-x-bible-folk1998.txt	25	ställe	24
deu-x-bible-gruenewalder.txt	7	das	25
deu-x-bible-luther1545.txt	14	das	25
deu-x-bible-luther1545letztehand.txt	14	das	25
deu-x-bible-luther1912.txt	13	das	25
deu-x-bible-menge.txt	7	das	25
deu-x-bible-neue.txt	5	das	25
deu-x-bible-pattloch.txt	8	das	25
deu-x-bible-textbibel.txt	7	das	25
deu-x-bible-zuercher.txt	7	das	25
nld-x-bible-statenvertaling.txt	7	het	25
afr-x-bible-1953.txt	14	lank	26
deu-x-bible-gruenewalder.txt	11	lang	26
deu-x-bible-luther1545.txt	11	lang	26
deu-x-bible-luther1545letztehand.txt	11	lang	26
deu-x-bible-luther1912.txt	11	lang	26
deu-x-bible-menge.txt	11	lang	26
deu-x-bible-neue.txt	12	lang	26
deu-x-bible-pattloch.txt	7	lang	26
deu-x-bible-schlachter.txt	12	lang	26
deu-x-bible-textbibel.txt	11	lang	26
deu-x-bible-zuercher.txt	15	lang	26
deu-x-bible-elberfelder1871.txt	17	dem	27
deu-x-bible-elberfelder1871.txt	22	den	27
deu-x-bible-elberfelder1905.txt	17	dem	27
deu-x-bible-elberfelder1905.txt	22	den	27
deu-x-bible-freebible.txt	17	dem	27
deu-x-bible-freebible.txt	22	den	27
deu-x-bible-neue.txt	21	dem	27
deu-x-bible-zuercher.txt	29	dem	27
nld-x-bible-statenvertaling.txt	24	den	27
nor-x-bible-student.txt	23	den	27
afr-x-bible-1953.txt	31	ingang	28
deu-x-bible-elberfelder1871.txt	18	Eingang	28
deu-x-bible-elberfelder1905.txt	18	Eingang	28
deu-x-bible-freebible.txt	18	Eingang	28
deu-x-bible-pattloch.txt	23	Lebo	28
eng-x-bible-darby.txt	25	entrance	28
eng-x-bible-kingjames.txt	26	entering	28
eng-x-bible-literal.txt	24	entering	28
nld-x-bible-statenvertaling.txt	25	ingang	28
nor-x-bible-student.txt	27	gjeng	28
swe-x-bible-folk1998.txt	28	går	28
deu-x-bible-elberfelder1871.txt	29	das	29
deu-x-bible-elberfelder1905.txt	29	das	29
deu-x-bible-freebible.txt	29	das	29
eng-x-bible-darby.txt	29	the	29
eng-x-bible-kingjames.txt	31	the	29
eng-x-bible-literal.txt	29	the	29
eng-x-bible-newsimplified.txt	26	the	29
nld-x-bible-statenvertaling.txt	31	de	29
deu-x-bible-gruenewalder.txt	4	zu	30
deu-x-bible-luther1545.txt	4	zu	30
deu-x-bible-luther1545letztehand.txt	4	zu	30
deu-x-bible-luther1912.txt	4	zu	30
deu-x-bible-schlachter.txt	2	zu	30
deu-x-bible-textbibel.txt	4	zu	30
eng-x-bible-darby.txt	2	at	30
eng-x-bible-kingjames.txt	2	at	30
eng-x-bible-literal.txt	3	at	30
afr-x-bible-1953.txt	35	by	31
deu-x-bible-luther1545.txt	29	an	31
deu-x-bible-luther1545letztehand.txt	28	an	31
deu-x-bible-luther1912.txt	28	an	31
deu-x-bible-menge.txt	32	an	31
deu-x-bible-schlachter.txt	29	an	31
deu-x-bible-zuercher.txt	37	an	31
afr-x-bible-1953.txt	38	van	32
eng-x-bible-darby.txt	31	of	32
eng-x-bible-kingjames.txt	33	of	32
eng-x-bible-literal.txt	31	of	32
eng-x-bible-newsimplified.txt	28	of	32
nld-x-bible-statenvertaling.txt	33	van	32
deu-x-bible-luther1545.txt	30	den	33
deu-x-bible-luther1545letztehand.txt	29	den	33
deu-x-bible-luther1912.txt	29	den	33
deu-x-bible-menge.txt	33	den	33
deu-x-bible-schlachter.txt	30	den	33
deu-x-bible-zuercher.txt	38	den	33
deu-x-bible-gruenewalder.txt	30	zum	34
deu-x-bible-neue.txt	29	zum	34
deu-x-bible-pattloch.txt	27	zum	34
deu-x-bible-textbibel.txt	34	zum	34
nor-x-bible-1930.txt	28	til	34
nor-x-bible-student.txt	31	til	34
swe-x-bible-folk1998.txt	33	till	34
deu-x-bible-neue.txt	14	Es	35
deu-x-bible-pattloch.txt	16	es	35
deu-x-bible-textbibel.txt	28	es	35
nor-x-bible-student.txt	15	det	35
swe-x-bible-folk1998.txt	16	Det	35
swe-x-bible-folk1998.txt	24	det	35
deu-x-bible-menge.txt	24	war	36
deu-x-bible-neue.txt	15	war	36
deu-x-bible-pattloch.txt	17	war	36
nor-x-bible-1930.txt	21	var	36
nor-x-bible-student.txt	16	var	36
swe-x-bible-folk1998.txt	17	var	36
afr-x-bible-1953.txt	5	in	37
dan-x-bible-1931.txt	4	i	37
deu-x-bible-zuercher.txt	4	in	37
nor-x-bible-student.txt	7	i	37
swe-x-bible-folk1998.txt	7	i	37
dan-x-bible-1931.txt	18	Egnen	38
deu-x-bible-gruenewalder.txt	26	Gegend	38
deu-x-bible-menge.txt	27	Gegend	38
deu-x-bible-textbibel.txt	27	wo	38
nor-x-bible-student.txt	25	der	38
swe-x-bible-folk1998.txt	26	där	38
afr-x-bible-1953.txt	4	dan	39
deu-x-bible-elberfelder1871.txt	2	so	39
deu-x-bible-elberfelder1905.txt	2	so	39
deu-x-bible-freebible.txt	2	so	39
dan-x-bible-1931.txt	21	og	40
eng-x-bible-newsimplified.txt	25	and	40
nor-x-bible-1930.txt	27	og	40
nor-x-bible-student.txt	30	og	40
deu-x-bible-elberfelder1871.txt	5	und	41
deu-x-bible-elberfelder1905.txt	5	und	41
deu-x-bible-freebible.txt	5	und	41
eng-x-bible-newsimplified.txt	3	and	41
eng-x-bible-darby.txt	7	the	42
eng-x-bible-kingjames.txt	8	the	42
eng-x-bible-literal.txt	7	the	42
eng-x-bible-newsimplified.txt	7	the	42
deu-x-bible-luther1545.txt	7	ein	43
deu-x-bible-luther1545letztehand.txt	7	ein	43
deu-x-bible-luther1912.txt	7	ein	43
deu-x-bible-schlachter.txt	7	ein	43
afr-x-bible-1953.txt	32	na	44
deu-x-bible-textbibel.txt	29	nach	44
nor-x-bible-student.txt	26	vegen	44
swe-x-bible-folk1998.txt	27	vägen	44
swe-x-bible-folk1998.txt	29	mot	44
afr-x-bible-1953.txt	20	saam	45
dan-x-bible-1931.txt	8	sammen	45
deu-x-bible-menge.txt	23	zusammengekommen	45
deu-x-bible-neue.txt	24	zusammengekommen	45
nor-x-bible-student.txt	10	saman	45
deu-x-bible-elberfelder1871.txt	32	Tage	46
deu-x-bible-elberfelder1905.txt	32	Tage	46
deu-x-bible-freebible.txt	32	Tage	46
deu-x-bible-elberfelder1871.txt	19	Hamaths	47
deu-x-bible-elberfelder1905.txt	19	Hamaths	47
deu-x-bible-freebible.txt	19	Hamaths	47
deu-x-bible-elberfelder1871.txt	27	selbiger	48
deu-x-bible-elberfelder1905.txt	27	selbiger	48
deu-x-bible-freebible.txt	27	selbiger	48
deu-x-bible-elberfelder1871.txt	31	sieben	49
deu-x-bible-elberfelder1905.txt	31	sieben	49
deu-x-bible-freebible.txt	31	sieben	49
deu-x-bible-elberfelder1871.txt	28	Zeit	50
deu-x-bible-elberfelder1905.txt	28	Zeit	50
deu-x-bible-freebible.txt	28	Zeit	50
deu-x-bible-neue.txt	13	.	51
eng-x-bible-newsimplified.txt	11	.	51
swe-x-bible-folk1998.txt	15	.	51
deu-x-bible-neue.txt	23	Land	52
deu-x-bible-zuercher.txt	31	Lande	52
eng-x-bible-newsimplified.txt	19	territory	52
eng-x-bible-kingjames.txt	25	the	53
eng-x-bible-literal.txt	23	the	53
eng-x-bible-newsimplified.txt	21	the	53
deu-x-bible-menge.txt	28	bei	54
eng-x-bible-kingjames.txt	27	in	54
eng-x-bible-literal.txt	25	in	54
deu-x-bible-gruenewalder.txt	25	der	55
deu-x-bible-menge.txt	26	der	55
eng-x-bible-newsimplified.txt	16	came	56
nor-x-bible-1930.txt	22	kommet	56
deu-x-bible-menge.txt	2	diese	57
swe-x-bible-folk1998.txt	2	detta	57
deu-x-bible-neue.txt	22	ganzen	58
deu-x-bible-zuercher.txt	30	ganzen	58
deu-x-bible-pattloch.txt	15	;	59
nor-x-bible-student.txt	14	;	59
deu-x-bible-elberfelder1871.txt	30	Fest	60
deu-x-bible-elberfelder1905.txt	30	Fest	60
deu-x-bible-freebible.txt	30	Fest	60
deu-x-bible-neue.txt	4	auch	61
nld-x-bible-statenvertaling.txt	3	ook	61
