afr-x-bible-1953.txt	17	.	1
afr-x-bible-1983.txt	22	.	1
afr-x-bible-boodskap.txt	24	.	1
afr-x-bible-lewende.txt	23	.	1
afr-x-bible-viralmal.txt	22	.	1
afr-x-bible-viralmal.txt	23	”	1
dan-x-bible-1931.txt	21	.	1
dan-x-bible-1931.txt	22	"	1
dan-x-bible-frederik.txt	17	.	1
dan-x-bible-hverdagsdansk.txt	18	.	1
deu-x-bible-albrecht.txt	22	.	1
deu-x-bible-albrecht.txt	23	"	1
deu-x-bible-elberfelder1871.txt	18	.	1
deu-x-bible-elberfelder1905.txt	18	.	1
deu-x-bible-erben.txt	17	.	1
deu-x-bible-freebible.txt	18	.	1
deu-x-bible-genfer2011.txt	23	.	1
deu-x-bible-greber.txt	23	.	1
deu-x-bible-gruenewalder.txt	19	.	1
deu-x-bible-gruenewalder.txt	20	«	1
deu-x-bible-hoffnung.txt	26	.	1
deu-x-bible-interlinear.txt	17	.	1
deu-x-bible-konkordant.txt	22	.	1
deu-x-bible-konkordant.txt	23	"	1
deu-x-bible-luther1545.txt	17	.	1
deu-x-bible-luther1545letztehand.txt	17	.	1
deu-x-bible-luther1912.txt	17	.	1
deu-x-bible-meister.txt	18	!	1
deu-x-bible-menge.txt	21	.	1
deu-x-bible-menge.txt	22	«	1
deu-x-bible-neue.txt	22	.	1
deu-x-bible-pattloch.txt	20	.	1
deu-x-bible-pattloch.txt	21	"	1
deu-x-bible-reinhardt1910.txt	17	.	1
deu-x-bible-schlachter.txt	18	!	1
deu-x-bible-schlachter2000.txt	18	!	1
deu-x-bible-tafelbibel.txt	18	.	1
deu-x-bible-textbibel.txt	18	.	1
deu-x-bible-volxbibel.txt	19	.	1
deu-x-bible-zuercher.txt	18	.	1
eng-x-bible-amplified.txt	16	.	1
eng-x-bible-books.txt	20	.	1
eng-x-bible-clontz.txt	20	.	1
eng-x-bible-clontz.txt	21	«	1
eng-x-bible-common.txt	18	.	1
eng-x-bible-common.txt	19	"	1
eng-x-bible-contemporary.txt	19	.	1
eng-x-bible-darby.txt	18	.	1
eng-x-bible-diaglot.txt	17	.	1
eng-x-bible-easytoread.txt	19	.	1
eng-x-bible-easytoread.txt	20	”	1
eng-x-bible-etheridge.txt	18	.	1
eng-x-bible-godsword.txt	20	.	1
eng-x-bible-godsword.txt	21	”	1
eng-x-bible-goodnews.txt	18	.	1
eng-x-bible-internationalstandard.txt	20	!	1
eng-x-bible-internationalstandard.txt	21	”	1
eng-x-bible-kingjames.txt	17	.	1
eng-x-bible-lexham.txt	22	.	1
eng-x-bible-lexham.txt	23	”	1
eng-x-bible-literal.txt	19	.	1
eng-x-bible-livingoracles.txt	16	.	1
eng-x-bible-majority.txt	21	.	1
eng-x-bible-majority.txt	22	"	1
eng-x-bible-montgomery.txt	20	.	1
eng-x-bible-new2007.txt	20	.	1
eng-x-bible-new2007.txt	21	”	1
eng-x-bible-newcentury.txt	20	.	1
eng-x-bible-newinternational.txt	20	.	1
eng-x-bible-newliving.txt	19	.	1
eng-x-bible-newreaders.txt	20	.	1
eng-x-bible-newsimplified.txt	19	.	1
eng-x-bible-newsimplified.txt	20	«	1
eng-x-bible-scriptures.txt	21	.	1
eng-x-bible-scriptures.txt	22	”	1
eng-x-bible-treeoflife.txt	19	.	1
eng-x-bible-worldwide.txt	16	.	1
isl-x-bible-isl.txt	20	.	1
isl-x-bible-isl.txt	21	"	1
nds-x-bible-nds.txt	18	.	1
nld-x-bible-1951.txt	18	.	1
nld-x-bible-2004.txt	20	.	1
nld-x-bible-2007.txt	22	.	1
nld-x-bible-statenvertaling.txt	18	.	1
nno-x-bible-2011.txt	19	.	1
nob-x-bible-1985.txt	19	.	1
nob-x-bible-1988.txt	21	.	1
nob-x-bible-2007.txt	16	.	1
nob-x-bible-2011.txt	19	.	1
nor-x-bible-1930.txt	16	.	1
nor-x-bible-student.txt	21	.	1
swe-x-bible-b2000.txt	18	.	1
swe-x-bible-b2000.txt	19	«	1
swe-x-bible-folk1998.txt	19	.	1
swe-x-bible-folk1998.txt	20	"	1
swe-x-bible-nyalevande.txt	21	.	1
swe-x-bible-nyalevande.txt	22	"	1
swg-x-bible-swg.txt	18	.	1
afr-x-bible-1953.txt	13	:	2
afr-x-bible-1983.txt	18	”	2
afr-x-bible-boodskap.txt	20	"	2
afr-x-bible-lewende.txt	19	"	2
afr-x-bible-viralmal.txt	17	:	2
afr-x-bible-viralmal.txt	18	“	2
dan-x-bible-1931.txt	15	:	2
dan-x-bible-1931.txt	16	"	2
dan-x-bible-frederik.txt	13	:	2
deu-x-bible-albrecht.txt	16	:	2
deu-x-bible-albrecht.txt	17	"	2
deu-x-bible-elberfelder1871.txt	13	:	2
deu-x-bible-elberfelder1905.txt	13	:	2
deu-x-bible-erben.txt	13	:	2
deu-x-bible-freebible.txt	13	:	2
deu-x-bible-genfer2011.txt	19	«	2
deu-x-bible-greber.txt	18	"	2
deu-x-bible-gruenewalder.txt	13	:	2
deu-x-bible-gruenewalder.txt	14	»	2
deu-x-bible-hoffnung.txt	19	«	2
deu-x-bible-interlinear.txt	13	:	2
deu-x-bible-konkordant.txt	14	:	2
deu-x-bible-konkordant.txt	15	"	2
deu-x-bible-luther1545.txt	13	:	2
deu-x-bible-luther1912.txt	13	:	2
deu-x-bible-meister.txt	13	:	2
deu-x-bible-menge.txt	15	:	2
deu-x-bible-menge.txt	16	»	2
deu-x-bible-neue.txt	18	"	2
deu-x-bible-pattloch.txt	14	:	2
deu-x-bible-pattloch.txt	15	"	2
deu-x-bible-reinhardt1910.txt	12	:	2
deu-x-bible-schlachter.txt	13	:	2
deu-x-bible-schlachter2000.txt	13	:	2
deu-x-bible-tafelbibel.txt	13	:	2
deu-x-bible-textbibel.txt	13	:	2
deu-x-bible-volxbibel.txt	14	“	2
deu-x-bible-zuercher.txt	13	:	2
eng-x-bible-books.txt	17	"	2
eng-x-bible-clontz.txt	15	»	2
eng-x-bible-common.txt	14	"	2
eng-x-bible-contemporary.txt	16	”	2
eng-x-bible-diaglot.txt	13	:	2
eng-x-bible-easytoread.txt	15	“	2
eng-x-bible-etheridge.txt	13	them	2
eng-x-bible-godsword.txt	16	“	2
eng-x-bible-goodnews.txt	15	”	2
eng-x-bible-internationalstandard.txt	16	“	2
eng-x-bible-lexham.txt	17	“	2
eng-x-bible-majority.txt	16	"	2
eng-x-bible-montgomery.txt	16	"	2
eng-x-bible-new2007.txt	16	“	2
eng-x-bible-newcentury.txt	12	“	2
eng-x-bible-newcentury.txt	17	”	2
eng-x-bible-newinternational.txt	17	’	2
eng-x-bible-newliving.txt	16	”	2
eng-x-bible-newreaders.txt	16	,	2
eng-x-bible-newreaders.txt	17	"	2
eng-x-bible-newsimplified.txt	13	:	2
eng-x-bible-newsimplified.txt	14	»	2
eng-x-bible-scriptures.txt	16	“	2
eng-x-bible-treeoflife.txt	11	“	2
eng-x-bible-treeoflife.txt	16	”	2
eng-x-bible-worldwide.txt	11	,	2
isl-x-bible-isl.txt	14	:	2
isl-x-bible-isl.txt	15	"	2
nds-x-bible-nds.txt	13	:	2
nld-x-bible-1951.txt	13	:	2
nld-x-bible-2004.txt	17	’	2
nld-x-bible-2007.txt	19	’	2
nld-x-bible-statenvertaling.txt	13	:	2
nno-x-bible-2011.txt	15	»	2
nob-x-bible-1985.txt	16	»	2
nob-x-bible-1988.txt	18	”	2
nob-x-bible-2007.txt	12	:	2
nob-x-bible-2011.txt	15	»	2
nor-x-bible-1930.txt	12	:	2
nor-x-bible-student.txt	18	»	2
swe-x-bible-b2000.txt	13	:	2
swe-x-bible-b2000.txt	14	»	2
swe-x-bible-folk1998.txt	13	:	2
swe-x-bible-folk1998.txt	14	"	2
swe-x-bible-nyalevande.txt	15	:	2
swe-x-bible-nyalevande.txt	16	"	2
swg-x-bible-swg.txt	13	:	2
afr-x-bible-1953.txt	3	sê	3
afr-x-bible-1983.txt	1	“	3
afr-x-bible-boodskap.txt	1	"	3
afr-x-bible-lewende.txt	1	"	3
afr-x-bible-viralmal.txt	5	gevra	3
dan-x-bible-1931.txt	2	sagde	3
dan-x-bible-frederik.txt	2	sagde	3
deu-x-bible-albrecht.txt	2	fragten	3
deu-x-bible-elberfelder1871.txt	2	sprachen	3
deu-x-bible-elberfelder1905.txt	2	sprachen	3
deu-x-bible-erben.txt	2	sprachen	3
deu-x-bible-freebible.txt	2	sprachen	3
deu-x-bible-genfer2011.txt	1	»	3
deu-x-bible-greber.txt	1	"	3
deu-x-bible-gruenewalder.txt	2	fragten	3
deu-x-bible-hoffnung.txt	1	»	3
deu-x-bible-interlinear.txt	3	sagten	3
deu-x-bible-konkordant.txt	2	fragten	3
deu-x-bible-luther1545.txt	2	sprachen	3
deu-x-bible-luther1545letztehand.txt	2	sprachen	3
deu-x-bible-luther1912.txt	2	sprachen	3
deu-x-bible-meister.txt	3	sprachen	3
deu-x-bible-menge.txt	2	fragten	3
deu-x-bible-neue.txt	1	"	3
deu-x-bible-pattloch.txt	3	fragten	3
deu-x-bible-reinhardt1910.txt	2	sagten	3
deu-x-bible-schlachter.txt	2	sprachen	3
deu-x-bible-schlachter2000.txt	2	sprachen	3
deu-x-bible-tafelbibel.txt	2	sagten	3
deu-x-bible-textbibel.txt	3	sagten	3
deu-x-bible-volxbibel.txt	1	„	3
deu-x-bible-zuercher.txt	3	sagten	3
eng-x-bible-amplified.txt	2	asked	3
eng-x-bible-books.txt	1	"	3
eng-x-bible-clontz.txt	2	said	3
eng-x-bible-common.txt	2	asked	3
eng-x-bible-contemporary.txt	1	“	3
eng-x-bible-darby.txt	2	said	3
eng-x-bible-diaglot.txt	2	said	3
eng-x-bible-easytoread.txt	2	asked	3
eng-x-bible-etheridge.txt	1	They	3
eng-x-bible-etheridge.txt	2	say	3
eng-x-bible-godsword.txt	2	asked	3
eng-x-bible-goodnews.txt	1	“	3
eng-x-bible-internationalstandard.txt	2	said	3
eng-x-bible-kingjames.txt	2	said	3
eng-x-bible-lexham.txt	3	said	3
eng-x-bible-literal.txt	3	said	3
eng-x-bible-livingoracles.txt	3	asked	3
eng-x-bible-majority.txt	3	said	3
eng-x-bible-montgomery.txt	1	"	3
eng-x-bible-new2007.txt	2	said	3
eng-x-bible-newcentury.txt	2	asked	3
eng-x-bible-newinternational.txt	1	‘	3
eng-x-bible-newliving.txt	1	“	3
eng-x-bible-newreaders.txt	1	"	3
eng-x-bible-newsimplified.txt	2	inquired	3
eng-x-bible-newsimplified.txt	3	asked	3
eng-x-bible-scriptures.txt	3	said	3
eng-x-bible-treeoflife.txt	1	“	3
isl-x-bible-isl.txt	2	sögðu	3
nds-x-bible-nds.txt	2	säde	3
nld-x-bible-1951.txt	3	zeiden	3
nld-x-bible-2004.txt	2	vroegen	3
nld-x-bible-2007.txt	1	‘	3
nld-x-bible-statenvertaling.txt	3	zeiden	3
nno-x-bible-2011.txt	1	«	3
nob-x-bible-1985.txt	1	«	3
nob-x-bible-1988.txt	2	spurte	3
nob-x-bible-2007.txt	2	sa	3
nob-x-bible-2011.txt	1	«	3
nor-x-bible-1930.txt	2	sa	3
nor-x-bible-student.txt	1	«	3
swe-x-bible-b2000.txt	2	frågade	3
swe-x-bible-folk1998.txt	2	frågade	3
swe-x-bible-nyalevande.txt	2	frågade	3
swg-x-bible-swg.txt	2	froge	3
afr-x-bible-1953.txt	16	nie	4
afr-x-bible-1983.txt	16	nie	4
afr-x-bible-boodskap.txt	18	nie	4
afr-x-bible-lewende.txt	17	nie	4
afr-x-bible-viralmal.txt	21	nie	4
dan-x-bible-1931.txt	20	ikke	4
dan-x-bible-frederik.txt	16	ikke	4
dan-x-bible-hverdagsdansk.txt	14	ikke	4
deu-x-bible-albrecht.txt	21	nicht	4
deu-x-bible-elberfelder1871.txt	17	nicht	4
deu-x-bible-elberfelder1905.txt	17	nicht	4
deu-x-bible-erben.txt	16	nicht	4
deu-x-bible-freebible.txt	17	nicht	4
deu-x-bible-genfer2011.txt	18	nicht	4
deu-x-bible-greber.txt	17	nicht	4
deu-x-bible-gruenewalder.txt	18	nicht	4
deu-x-bible-hoffnung.txt	18	nicht	4
deu-x-bible-interlinear.txt	14	Nicht	4
deu-x-bible-konkordant.txt	21	nicht	4
deu-x-bible-luther1545.txt	16	nicht	4
deu-x-bible-luther1545letztehand.txt	16	nicht	4
deu-x-bible-luther1912.txt	16	nicht	4
deu-x-bible-meister.txt	17	nicht	4
deu-x-bible-menge.txt	20	nicht	4
deu-x-bible-neue.txt	17	nicht	4
deu-x-bible-pattloch.txt	19	nicht	4
deu-x-bible-reinhardt1910.txt	16	nicht	4
deu-x-bible-schlachter.txt	17	nicht	4
deu-x-bible-schlachter2000.txt	17	nicht	4
deu-x-bible-tafelbibel.txt	17	nicht	4
deu-x-bible-textbibel.txt	17	nicht	4
deu-x-bible-zuercher.txt	17	nicht	4
eng-x-bible-amplified.txt	13	do	4
eng-x-bible-amplified.txt	14	not	4
eng-x-bible-books.txt	14	don't	4
eng-x-bible-clontz.txt	17	do	4
eng-x-bible-clontz.txt	18	not	4
eng-x-bible-common.txt	16	don’t	4
eng-x-bible-contemporary.txt	13	don't	4
eng-x-bible-darby.txt	15	do	4
eng-x-bible-darby.txt	16	not	4
eng-x-bible-diaglot.txt	14	Not	4
eng-x-bible-easytoread.txt	17	don’t	4
eng-x-bible-etheridge.txt	17	not	4
eng-x-bible-godsword.txt	18	don’t	4
eng-x-bible-goodnews.txt	12	don't	4
eng-x-bible-internationalstandard.txt	18	don't	4
eng-x-bible-kingjames.txt	16	not	4
eng-x-bible-lexham.txt	19	do	4
eng-x-bible-lexham.txt	20	not	4
eng-x-bible-literal.txt	16	do	4
eng-x-bible-literal.txt	17	not	4
eng-x-bible-livingoracles.txt	15	not	4
eng-x-bible-majority.txt	18	do	4
eng-x-bible-majority.txt	19	not	4
eng-x-bible-montgomery.txt	12	do	4
eng-x-bible-montgomery.txt	13	not	4
eng-x-bible-new2007.txt	18	don’t	4
eng-x-bible-newcentury.txt	14	don’t	4
eng-x-bible-newinternational.txt	14	don’t	4
eng-x-bible-newliving.txt	13	don’t	4
eng-x-bible-newreaders.txt	14	don't	4
eng-x-bible-newsimplified.txt	16	do	4
eng-x-bible-newsimplified.txt	17	not	4
eng-x-bible-scriptures.txt	18	do	4
eng-x-bible-scriptures.txt	19	not	4
eng-x-bible-treeoflife.txt	13	don’t	4
eng-x-bible-worldwide.txt	13	do	4
eng-x-bible-worldwide.txt	14	not	4
isl-x-bible-isl.txt	19	ekki	4
nds-x-bible-nds.txt	17	nijch	4
nld-x-bible-1951.txt	17	niet	4
nld-x-bible-2004.txt	15	niet	4
nld-x-bible-2007.txt	17	niet	4
nld-x-bible-statenvertaling.txt	17	niet	4
nno-x-bible-2011.txt	14	ikkje	4
nob-x-bible-1985.txt	14	ikke	4
nob-x-bible-1988.txt	16	ikke	4
nob-x-bible-2007.txt	15	ikke	4
nob-x-bible-2011.txt	14	ikke	4
nor-x-bible-1930.txt	15	ikke	4
nor-x-bible-student.txt	16	ikkje	4
swe-x-bible-b2000.txt	17	inte	4
swe-x-bible-folk1998.txt	18	inte	4
swe-x-bible-nyalevande.txt	20	inte	4
swg-x-bible-swg.txt	17	nit	4
afr-x-bible-1953.txt	10	?	5
afr-x-bible-1983.txt	6	?	5
afr-x-bible-boodskap.txt	7	?	5
afr-x-bible-lewende.txt	7	?	5
afr-x-bible-lewende.txt	12	gevra	5
afr-x-bible-viralmal.txt	12	?	5
dan-x-bible-1931.txt	11	?	5
dan-x-bible-frederik.txt	10	?	5
dan-x-bible-hverdagsdansk.txt	7	?	5
deu-x-bible-albrecht.txt	12	?	5
deu-x-bible-elberfelder1871.txt	10	?	5
deu-x-bible-elberfelder1905.txt	10	?	5
deu-x-bible-erben.txt	10	?	5
deu-x-bible-freebible.txt	10	?	5
deu-x-bible-genfer2011.txt	8	?	5
deu-x-bible-greber.txt	7	?	5
deu-x-bible-gruenewalder.txt	9	?	5
deu-x-bible-hoffnung.txt	7	?	5
deu-x-bible-interlinear.txt	10	?	5
deu-x-bible-konkordant.txt	10	?	5
deu-x-bible-luther1545.txt	10	?	5
deu-x-bible-luther1545letztehand.txt	10	?	5
deu-x-bible-luther1912.txt	10	?	5
deu-x-bible-meister.txt	10	?	5
deu-x-bible-menge.txt	11	?	5
deu-x-bible-neue.txt	7	?	5
deu-x-bible-pattloch.txt	10	?	5
deu-x-bible-reinhardt1910.txt	9	?	5
deu-x-bible-schlachter.txt	10	?	5
deu-x-bible-schlachter2000.txt	10	?	5
deu-x-bible-tafelbibel.txt	10	?	5
deu-x-bible-textbibel.txt	10	?	5
deu-x-bible-volxbibel.txt	8	?	5
deu-x-bible-zuercher.txt	10	?	5
eng-x-bible-amplified.txt	8	?	5
eng-x-bible-books.txt	6	?	5
eng-x-bible-clontz.txt	10	?	5
eng-x-bible-common.txt	9	?	5
eng-x-bible-contemporary.txt	6	?	5
eng-x-bible-darby.txt	10	?	5
eng-x-bible-diaglot.txt	10	?	5
eng-x-bible-easytoread.txt	10	?	5
eng-x-bible-etheridge.txt	9	?	5
eng-x-bible-godsword.txt	10	?	5
eng-x-bible-goodnews.txt	5	?	5
eng-x-bible-internationalstandard.txt	11	?	5
eng-x-bible-kingjames.txt	10	?	5
eng-x-bible-lexham.txt	12	?	5
eng-x-bible-literal.txt	11	?	5
eng-x-bible-livingoracles.txt	9	?	5
eng-x-bible-majority.txt	11	?	5
eng-x-bible-montgomery.txt	5	?	5
eng-x-bible-new2007.txt	11	?	5
eng-x-bible-newcentury.txt	10	?	5
eng-x-bible-newinternational.txt	6	?	5
eng-x-bible-newliving.txt	6	?	5
eng-x-bible-newliving.txt	9	asked	5
eng-x-bible-newreaders.txt	6	?	5
eng-x-bible-newsimplified.txt	9	?	5
eng-x-bible-scriptures.txt	11	?	5
eng-x-bible-treeoflife.txt	5	?	5
eng-x-bible-worldwide.txt	5	?	5
isl-x-bible-isl.txt	10	?	5
nds-x-bible-nds.txt	10	?	5
nld-x-bible-1951.txt	10	?	5
nld-x-bible-2004.txt	9	?	5
nld-x-bible-2007.txt	8	?	5
nld-x-bible-statenvertaling.txt	10	?	5
nno-x-bible-2011.txt	6	?	5
nob-x-bible-1985.txt	6	?	5
nob-x-bible-1988.txt	10	?	5
nob-x-bible-2007.txt	9	?	5
nob-x-bible-2011.txt	6	?	5
nor-x-bible-1930.txt	9	?	5
nor-x-bible-student.txt	8	?	5
swe-x-bible-b2000.txt	9	?	5
swe-x-bible-folk1998.txt	9	?	5
swe-x-bible-nyalevande.txt	10	?	5
swg-x-bible-swg.txt	9	?	5
afr-x-bible-1953.txt	7	Waar	6
afr-x-bible-1983.txt	2	Waar	6
afr-x-bible-boodskap.txt	2	Waar	6
afr-x-bible-lewende.txt	2	Waar	6
afr-x-bible-viralmal.txt	8	Waar	6
dan-x-bible-1931.txt	8	Hvor	6
dan-x-bible-frederik.txt	7	hvor	6
dan-x-bible-hverdagsdansk.txt	1	Hvor	6
dan-x-bible-hverdagsdansk.txt	5	henne	6
deu-x-bible-albrecht.txt	7	Wo	6
deu-x-bible-elberfelder1871.txt	7	Wo	6
deu-x-bible-elberfelder1905.txt	7	Wo	6
deu-x-bible-erben.txt	7	Wo	6
deu-x-bible-freebible.txt	7	Wo	6
deu-x-bible-genfer2011.txt	3	wo	6
deu-x-bible-greber.txt	2	Wo	6
deu-x-bible-gruenewalder.txt	6	Wo	6
deu-x-bible-hoffnung.txt	2	Wo	6
deu-x-bible-interlinear.txt	7	Wo	6
deu-x-bible-konkordant.txt	7	Wo	6
deu-x-bible-luther1545.txt	7	Wo	6
deu-x-bible-luther1545letztehand.txt	7	Wo	6
deu-x-bible-luther1912.txt	7	Wo	6
deu-x-bible-meister.txt	7	Wo	6
deu-x-bible-menge.txt	7	Wo	6
deu-x-bible-neue.txt	3	wo	6
deu-x-bible-pattloch.txt	7	Wo	6
deu-x-bible-reinhardt1910.txt	6	Wo	6
deu-x-bible-schlachter.txt	7	Wo	6
deu-x-bible-schlachter2000.txt	7	Wo	6
deu-x-bible-tafelbibel.txt	7	Wo	6
deu-x-bible-textbibel.txt	7	wo	6
deu-x-bible-volxbibel.txt	3	wo	6
deu-x-bible-zuercher.txt	7	Wo	6
eng-x-bible-amplified.txt	5	Where	6
eng-x-bible-books.txt	2	Where	6
eng-x-bible-clontz.txt	7	Where	6
eng-x-bible-common.txt	5	Where	6
eng-x-bible-contemporary.txt	2	Where	6
eng-x-bible-darby.txt	7	Where	6
eng-x-bible-diaglot.txt	7	Where	6
eng-x-bible-easytoread.txt	6	Where	6
eng-x-bible-etheridge.txt	6	Where	6
eng-x-bible-godsword.txt	6	Where	6
eng-x-bible-goodnews.txt	2	Where	6
eng-x-bible-internationalstandard.txt	7	Where	6
eng-x-bible-kingjames.txt	7	Where	6
eng-x-bible-lexham.txt	8	Where	6
eng-x-bible-literal.txt	7	Where	6
eng-x-bible-livingoracles.txt	6	Where	6
eng-x-bible-majority.txt	8	Where	6
eng-x-bible-montgomery.txt	2	Where	6
eng-x-bible-new2007.txt	7	Where	6
eng-x-bible-newcentury.txt	6	Where	6
eng-x-bible-newinternational.txt	2	Where	6
eng-x-bible-newliving.txt	2	Where	6
eng-x-bible-newreaders.txt	2	Where	6
eng-x-bible-newsimplified.txt	6	Where	6
eng-x-bible-scriptures.txt	8	Where	6
eng-x-bible-treeoflife.txt	2	Where	6
eng-x-bible-worldwide.txt	1	Where	6
isl-x-bible-isl.txt	7	Hvar	6
nds-x-bible-nds.txt	7	Woa	6
nld-x-bible-1951.txt	7	Waar	6
nld-x-bible-2004.txt	5	Waar	6
nld-x-bible-2007.txt	2	Waar	6
nld-x-bible-statenvertaling.txt	7	Waar	6
nno-x-bible-2011.txt	2	Kvar	6
nob-x-bible-1985.txt	2	Hvor	6
nob-x-bible-1988.txt	6	Hvor	6
nob-x-bible-2007.txt	6	Hvor	6
nob-x-bible-2011.txt	2	Hvor	6
nor-x-bible-1930.txt	6	Hvor	6
nor-x-bible-student.txt	2	Kvar	6
swe-x-bible-b2000.txt	6	Var	6
swe-x-bible-folk1998.txt	5	Var	6
swe-x-bible-nyalevande.txt	6	Var	6
swg-x-bible-swg.txt	6	Wo	6
afr-x-bible-1953.txt	14	Ek	7
afr-x-bible-1983.txt	14	Ek	7
afr-x-bible-boodskap.txt	15	Ek	7
afr-x-bible-lewende.txt	15	Ek	7
afr-x-bible-viralmal.txt	19	Ek	7
dan-x-bible-1931.txt	19	jeg	7
dan-x-bible-frederik.txt	14	jeg	7
dan-x-bible-hverdagsdansk.txt	13	jeg	7
deu-x-bible-albrecht.txt	20	ich	7
deu-x-bible-elberfelder1871.txt	14	Ich	7
deu-x-bible-elberfelder1905.txt	14	Ich	7
deu-x-bible-erben.txt	14	Ich	7
deu-x-bible-freebible.txt	14	Ich	7
deu-x-bible-genfer2011.txt	15	Ich	7
deu-x-bible-greber.txt	14	Ich	7
deu-x-bible-gruenewalder.txt	15	Ich	7
deu-x-bible-hoffnung.txt	17	ich	7
deu-x-bible-interlinear.txt	16	ich	7
deu-x-bible-konkordant.txt	16	Ich	7
deu-x-bible-luther1545.txt	14	Ich	7
deu-x-bible-luther1545letztehand.txt	14	Jch	7
deu-x-bible-luther1912.txt	14	Ich	7
deu-x-bible-meister.txt	14	Ich	7
deu-x-bible-menge.txt	19	ich	7
deu-x-bible-neue.txt	14	Ich	7
deu-x-bible-pattloch.txt	16	Ich	7
deu-x-bible-reinhardt1910.txt	13	Ich	7
deu-x-bible-schlachter.txt	14	Ich	7
deu-x-bible-schlachter2000.txt	14	Ich	7
deu-x-bible-tafelbibel.txt	14	Ich	7
deu-x-bible-textbibel.txt	14	ich	7
deu-x-bible-zuercher.txt	14	Ich	7
eng-x-bible-amplified.txt	12	I	7
eng-x-bible-books.txt	13	I	7
eng-x-bible-clontz.txt	16	I	7
eng-x-bible-common.txt	15	I	7
eng-x-bible-contemporary.txt	12	I	7
eng-x-bible-darby.txt	14	I	7
eng-x-bible-diaglot.txt	15	I	7
eng-x-bible-easytoread.txt	16	I	7
eng-x-bible-etheridge.txt	15	I	7
eng-x-bible-godsword.txt	17	I	7
eng-x-bible-goodnews.txt	11	I	7
eng-x-bible-internationalstandard.txt	17	I	7
eng-x-bible-kingjames.txt	14	I	7
eng-x-bible-lexham.txt	18	I	7
eng-x-bible-literal.txt	15	I	7
eng-x-bible-livingoracles.txt	13	I	7
eng-x-bible-majority.txt	17	I	7
eng-x-bible-montgomery.txt	11	I	7
eng-x-bible-new2007.txt	17	I	7
eng-x-bible-newcentury.txt	13	I	7
eng-x-bible-newinternational.txt	13	I	7
eng-x-bible-newliving.txt	12	I	7
eng-x-bible-newreaders.txt	13	I	7
eng-x-bible-newsimplified.txt	15	I	7
eng-x-bible-scriptures.txt	17	I	7
eng-x-bible-treeoflife.txt	12	I	7
eng-x-bible-worldwide.txt	12	I	7
isl-x-bible-isl.txt	18	ég	7
nds-x-bible-nds.txt	14	Etj	7
nld-x-bible-1951.txt	14	Ik	7
nld-x-bible-2004.txt	14	ik	7
nld-x-bible-2007.txt	16	ik	7
nld-x-bible-statenvertaling.txt	14	Ik	7
nno-x-bible-2011.txt	12	Eg	7
nob-x-bible-1985.txt	12	Jeg	7
nob-x-bible-1988.txt	15	jeg	7
nob-x-bible-2007.txt	13	Jeg	7
nob-x-bible-2011.txt	12	Jeg	7
nor-x-bible-1930.txt	13	Jeg	7
nor-x-bible-student.txt	14	Eg	7
swe-x-bible-b2000.txt	15	Jag	7
swe-x-bible-folk1998.txt	17	jag	7
swe-x-bible-nyalevande.txt	19	jag	7
swg-x-bible-swg.txt	14	Ich	7
afr-x-bible-1953.txt	12	antwoord	8
afr-x-bible-1983.txt	13	“	8
afr-x-bible-boodskap.txt	14	"	8
afr-x-bible-viralmal.txt	15	sê	8
dan-x-bible-1931.txt	14	siger	8
dan-x-bible-frederik.txt	12	sagde	8
deu-x-bible-albrecht.txt	15	antwortete	8
deu-x-bible-elberfelder1871.txt	12	sagt	8
deu-x-bible-elberfelder1905.txt	12	sagt	8
deu-x-bible-erben.txt	12	sprach	8
deu-x-bible-freebible.txt	12	sagt	8
deu-x-bible-genfer2011.txt	14	»	8
deu-x-bible-gruenewalder.txt	12	sprach	8
deu-x-bible-hoffnung.txt	14	»	8
deu-x-bible-interlinear.txt	12	sagt	8
deu-x-bible-konkordant.txt	13	antwortete	8
deu-x-bible-luther1545.txt	12	sprach	8
deu-x-bible-luther1545letztehand.txt	12	sprach	8
deu-x-bible-luther1912.txt	12	sprach	8
deu-x-bible-meister.txt	12	sagte	8
deu-x-bible-menge.txt	14	antwortete	8
deu-x-bible-pattloch.txt	13	sagte	8
deu-x-bible-reinhardt1910.txt	11	sagt	8
deu-x-bible-schlachter.txt	12	spricht	8
deu-x-bible-schlachter2000.txt	12	antwortete	8
deu-x-bible-tafelbibel.txt	12	sagt	8
deu-x-bible-textbibel.txt	11	Sagt	8
deu-x-bible-volxbibel.txt	10	„	8
deu-x-bible-volxbibel.txt	11	Keine	8
deu-x-bible-zuercher.txt	12	erwiderte	8
eng-x-bible-amplified.txt	10	said	8
eng-x-bible-clontz.txt	13	said	8
eng-x-bible-common.txt	12	replied	8
eng-x-bible-contemporary.txt	11	“	8
eng-x-bible-darby.txt	12	says	8
eng-x-bible-diaglot.txt	12	says	8
eng-x-bible-easytoread.txt	13	answered	8
eng-x-bible-etheridge.txt	11	saith	8
eng-x-bible-godsword.txt	14	answered	8
eng-x-bible-goodnews.txt	10	“	8
eng-x-bible-internationalstandard.txt	14	said	8
eng-x-bible-kingjames.txt	12	said	8
eng-x-bible-lexham.txt	15	said	8
eng-x-bible-literal.txt	13	said	8
eng-x-bible-livingoracles.txt	11	answered	8
eng-x-bible-majority.txt	14	said	8
eng-x-bible-new2007.txt	14	replied	8
eng-x-bible-newinternational.txt	12	‘	8
eng-x-bible-newliving.txt	11	“	8
eng-x-bible-newsimplified.txt	12	responded	8
eng-x-bible-scriptures.txt	14	said	8
eng-x-bible-worldwide.txt	10	said	8
isl-x-bible-isl.txt	13	svaraði	8
nds-x-bible-nds.txt	12	säd	8
nld-x-bible-1951.txt	12	zeide	8
nld-x-bible-2004.txt	11	‘	8
nld-x-bible-2007.txt	13	‘	8
nld-x-bible-statenvertaling.txt	12	zeide	8
nno-x-bible-2011.txt	11	«	8
nob-x-bible-1985.txt	11	«	8
nob-x-bible-1988.txt	12	”	8
nob-x-bible-2007.txt	11	sier	8
nob-x-bible-2011.txt	11	«	8
nor-x-bible-1930.txt	11	sier	8
nor-x-bible-student.txt	13	«	8
swe-x-bible-b2000.txt	12	svarade	8
swe-x-bible-folk1998.txt	12	svarade	8
swe-x-bible-nyalevande.txt	14	svarade	8
swg-x-bible-swg.txt	11	git	8
swg-x-bible-swg.txt	12	zantwort	8
afr-x-bible-1953.txt	8	is	9
afr-x-bible-1983.txt	3	is	9
afr-x-bible-boodskap.txt	9	wil	9
afr-x-bible-lewende.txt	3	is	9
afr-x-bible-viralmal.txt	9	is	9
dan-x-bible-1931.txt	9	er	9
dan-x-bible-frederik.txt	8	er	9
dan-x-bible-hverdagsdansk.txt	2	er	9
deu-x-bible-albrecht.txt	8	ist	9
deu-x-bible-elberfelder1871.txt	8	ist	9
deu-x-bible-elberfelder1905.txt	8	ist	9
deu-x-bible-erben.txt	8	ist	9
deu-x-bible-freebible.txt	8	ist	9
deu-x-bible-genfer2011.txt	4	ist	9
deu-x-bible-greber.txt	3	ist	9
deu-x-bible-gruenewalder.txt	7	ist	9
deu-x-bible-hoffnung.txt	3	ist	9
deu-x-bible-interlinear.txt	8	ist	9
deu-x-bible-konkordant.txt	8	ist	9
deu-x-bible-luther1545.txt	8	ist	9
deu-x-bible-luther1545letztehand.txt	8	ist	9
deu-x-bible-luther1912.txt	8	ist	9
deu-x-bible-meister.txt	8	ist	9
deu-x-bible-menge.txt	8	ist	9
deu-x-bible-neue.txt	4	ist	9
deu-x-bible-pattloch.txt	8	ist	9
deu-x-bible-reinhardt1910.txt	7	ist	9
deu-x-bible-schlachter.txt	8	ist	9
deu-x-bible-schlachter2000.txt	8	ist	9
deu-x-bible-tafelbibel.txt	8	ist	9
deu-x-bible-textbibel.txt	8	ist	9
deu-x-bible-volxbibel.txt	4	ist	9
deu-x-bible-zuercher.txt	8	ist	9
eng-x-bible-amplified.txt	6	is	9
eng-x-bible-books.txt	3	is	9
eng-x-bible-clontz.txt	8	is	9
eng-x-bible-common.txt	6	is	9
eng-x-bible-contemporary.txt	3	is	9
eng-x-bible-darby.txt	8	is	9
eng-x-bible-diaglot.txt	8	is	9
eng-x-bible-easytoread.txt	7	is	9
eng-x-bible-etheridge.txt	7	is	9
eng-x-bible-godsword.txt	7	is	9
eng-x-bible-goodnews.txt	3	is	9
eng-x-bible-internationalstandard.txt	8	is	9
eng-x-bible-kingjames.txt	8	is	9
eng-x-bible-lexham.txt	9	is	9
eng-x-bible-literal.txt	8	is	9
eng-x-bible-livingoracles.txt	7	is	9
eng-x-bible-majority.txt	9	is	9
eng-x-bible-montgomery.txt	3	is	9
eng-x-bible-new2007.txt	8	is	9
eng-x-bible-newcentury.txt	7	is	9
eng-x-bible-newinternational.txt	3	is	9
eng-x-bible-newliving.txt	3	is	9
eng-x-bible-newreaders.txt	3	is	9
eng-x-bible-newsimplified.txt	7	is	9
eng-x-bible-scriptures.txt	9	is	9
eng-x-bible-treeoflife.txt	3	is	9
eng-x-bible-worldwide.txt	2	is	9
isl-x-bible-isl.txt	8	er	9
nds-x-bible-nds.txt	8	es	9
nld-x-bible-1951.txt	8	is	9
nld-x-bible-2004.txt	6	is	9
nld-x-bible-2007.txt	3	is	9
nld-x-bible-statenvertaling.txt	8	is	9
nno-x-bible-2011.txt	3	er	9
nob-x-bible-1985.txt	3	er	9
nob-x-bible-1988.txt	7	er	9
nob-x-bible-2007.txt	7	er	9
nob-x-bible-2011.txt	3	er	9
nor-x-bible-1930.txt	7	er	9
nor-x-bible-student.txt	3	er	9
swe-x-bible-b2000.txt	7	är	9
swe-x-bible-folk1998.txt	6	är	9
swe-x-bible-nyalevande.txt	7	finns	9
swg-x-bible-swg.txt	7	isch	9
afr-x-bible-1953.txt	15	weet	10
afr-x-bible-1983.txt	15	weet	10
afr-x-bible-boodskap.txt	16	weet	10
afr-x-bible-lewende.txt	16	weet	10
afr-x-bible-viralmal.txt	20	weet	10
dan-x-bible-1931.txt	18	ved	10
dan-x-bible-frederik.txt	15	veed	10
dan-x-bible-hverdagsdansk.txt	12	ved	10
deu-x-bible-albrecht.txt	19	weiß	10
deu-x-bible-elberfelder1871.txt	15	weiß	10
deu-x-bible-elberfelder1905.txt	15	weiß	10
deu-x-bible-erben.txt	15	weiß	10
deu-x-bible-freebible.txt	15	weiss	10
deu-x-bible-genfer2011.txt	16	weiß	10
deu-x-bible-greber.txt	15	weiß	10
deu-x-bible-gruenewalder.txt	16	weiß	10
deu-x-bible-hoffnung.txt	16	weiß	10
deu-x-bible-interlinear.txt	15	weiß	10
deu-x-bible-konkordant.txt	17	weiß	10
deu-x-bible-luther1545.txt	15	weiß	10
deu-x-bible-luther1545letztehand.txt	15	weis	10
deu-x-bible-luther1912.txt	15	weiß	10
deu-x-bible-meister.txt	15	weiß	10
deu-x-bible-menge.txt	18	weiß	10
deu-x-bible-neue.txt	15	weiß	10
deu-x-bible-pattloch.txt	17	weiß	10
deu-x-bible-reinhardt1910.txt	14	weiß	10
deu-x-bible-schlachter.txt	15	weiß	10
deu-x-bible-schlachter2000.txt	15	weiß	10
deu-x-bible-tafelbibel.txt	15	weiß	10
deu-x-bible-textbibel.txt	15	weiß	10
deu-x-bible-volxbibel.txt	12	Ahnung	10
deu-x-bible-zuercher.txt	15	weiss	10
eng-x-bible-amplified.txt	15	know	10
eng-x-bible-books.txt	15	know	10
eng-x-bible-clontz.txt	19	know	10
eng-x-bible-common.txt	17	know	10
eng-x-bible-contemporary.txt	14	know	10
eng-x-bible-darby.txt	17	know	10
eng-x-bible-diaglot.txt	16	know	10
eng-x-bible-easytoread.txt	18	know	10
eng-x-bible-etheridge.txt	16	know	10
eng-x-bible-godsword.txt	19	know	10
eng-x-bible-goodnews.txt	13	know	10
eng-x-bible-internationalstandard.txt	19	know	10
eng-x-bible-kingjames.txt	15	know	10
eng-x-bible-lexham.txt	21	know	10
eng-x-bible-literal.txt	18	know	10
eng-x-bible-livingoracles.txt	14	know	10
eng-x-bible-majority.txt	20	know	10
eng-x-bible-montgomery.txt	14	know	10
eng-x-bible-new2007.txt	19	know	10
eng-x-bible-newcentury.txt	15	know	10
eng-x-bible-newinternational.txt	15	know	10
eng-x-bible-newliving.txt	14	know	10
eng-x-bible-newreaders.txt	15	know	10
eng-x-bible-newsimplified.txt	18	know	10
eng-x-bible-scriptures.txt	20	know	10
eng-x-bible-treeoflife.txt	14	know	10
eng-x-bible-worldwide.txt	15	know	10
isl-x-bible-isl.txt	17	veit	10
nds-x-bible-nds.txt	15	weet	10
nld-x-bible-1951.txt	15	weet	10
nld-x-bible-2004.txt	13	weet	10
nld-x-bible-2007.txt	15	weet	10
nld-x-bible-statenvertaling.txt	15	weet	10
nno-x-bible-2011.txt	13	veit	10
nob-x-bible-1985.txt	13	vet	10
nob-x-bible-1988.txt	14	vet	10
nob-x-bible-2007.txt	14	vet	10
nob-x-bible-2011.txt	13	vet	10
nor-x-bible-1930.txt	14	vet	10
nor-x-bible-student.txt	15	veit	10
swe-x-bible-b2000.txt	16	vet	10
swe-x-bible-folk1998.txt	16	vet	10
swe-x-bible-nyalevande.txt	18	vet	10
swg-x-bible-swg.txt	15	weiß	10
afr-x-bible-1953.txt	6	:	11
afr-x-bible-boodskap.txt	8	Ons	11
afr-x-bible-lewende.txt	8	"	11
afr-x-bible-viralmal.txt	7	“	11
dan-x-bible-1931.txt	6	:	11
dan-x-bible-1931.txt	7	"	11
dan-x-bible-frederik.txt	6	:	11
deu-x-bible-albrecht.txt	6	"	11
deu-x-bible-elberfelder1871.txt	6	:	11
deu-x-bible-elberfelder1905.txt	6	:	11
deu-x-bible-erben.txt	6	:	11
deu-x-bible-freebible.txt	6	:	11
deu-x-bible-greber.txt	8	"	11
deu-x-bible-gruenewalder.txt	5	»	11
deu-x-bible-hoffnung.txt	8	«	11
deu-x-bible-interlinear.txt	6	:	11
deu-x-bible-konkordant.txt	6	"	11
deu-x-bible-luther1545.txt	6	:	11
deu-x-bible-luther1545letztehand.txt	6	/	11
deu-x-bible-luther1912.txt	6	:	11
deu-x-bible-meister.txt	6	:	11
deu-x-bible-menge.txt	6	»	11
deu-x-bible-neue.txt	8	"	11
deu-x-bible-pattloch.txt	6	"	11
deu-x-bible-reinhardt1910.txt	5	:	11
deu-x-bible-schlachter.txt	6	:	11
deu-x-bible-schlachter2000.txt	6	:	11
deu-x-bible-tafelbibel.txt	6	:	11
deu-x-bible-textbibel.txt	6	:	11
deu-x-bible-zuercher.txt	6	:	11
eng-x-bible-books.txt	7	"	11
eng-x-bible-clontz.txt	6	»	11
eng-x-bible-common.txt	4	"	11
eng-x-bible-darby.txt	6	,	11
eng-x-bible-diaglot.txt	6	:	11
eng-x-bible-easytoread.txt	5	“	11
eng-x-bible-godsword.txt	5	“	11
eng-x-bible-goodnews.txt	6	”	11
eng-x-bible-internationalstandard.txt	6	“	11
eng-x-bible-kingjames.txt	6	,	11
eng-x-bible-lexham.txt	7	“	11
eng-x-bible-literal.txt	6	,	11
eng-x-bible-livingoracles.txt	5	,	11
eng-x-bible-majority.txt	7	"	11
eng-x-bible-montgomery.txt	6	"	11
eng-x-bible-new2007.txt	6	“	11
eng-x-bible-newcentury.txt	5	“	11
eng-x-bible-newinternational.txt	7	’	11
eng-x-bible-newliving.txt	7	”	11
eng-x-bible-newreaders.txt	7	"	11
eng-x-bible-newsimplified.txt	5	»	11
eng-x-bible-scriptures.txt	7	“	11
isl-x-bible-isl.txt	6	"	11
nds-x-bible-nds.txt	6	:	11
nld-x-bible-1951.txt	6	:	11
nld-x-bible-2004.txt	4	‘	11
nld-x-bible-statenvertaling.txt	6	:	11
nob-x-bible-1985.txt	8	sa	11
nob-x-bible-1988.txt	5	”	11
nob-x-bible-2007.txt	5	:	11
nor-x-bible-1930.txt	5	:	11
swe-x-bible-b2000.txt	5	»	11
swe-x-bible-folk1998.txt	4	"	11
swe-x-bible-nyalevande.txt	5	"	11
swg-x-bible-swg.txt	5	:	11
afr-x-bible-1953.txt	5	hom	12
afr-x-bible-1983.txt	10	hom	12
afr-x-bible-boodskap.txt	10	hom	12
afr-x-bible-lewende.txt	11	hom	12
afr-x-bible-viralmal.txt	4	hom	12
dan-x-bible-1931.txt	5	ham	12
dan-x-bible-frederik.txt	5	ham	12
deu-x-bible-albrecht.txt	4	ihn	12
deu-x-bible-elberfelder1871.txt	5	ihm	12
deu-x-bible-elberfelder1905.txt	5	ihm	12
deu-x-bible-erben.txt	5	ihm	12
deu-x-bible-freebible.txt	5	ihm	12
deu-x-bible-gruenewalder.txt	3	ihn	12
deu-x-bible-hoffnung.txt	6	Jesus	12
deu-x-bible-interlinear.txt	5	ihm	12
deu-x-bible-konkordant.txt	4	ihn	12
deu-x-bible-luther1545.txt	5	ihm	12
deu-x-bible-luther1545letztehand.txt	5	jm	12
deu-x-bible-luther1912.txt	5	ihm	12
deu-x-bible-meister.txt	5	ihm	12
deu-x-bible-menge.txt	3	ihn	12
deu-x-bible-pattloch.txt	4	ihn	12
deu-x-bible-reinhardt1910.txt	4	ihm	12
deu-x-bible-schlachter.txt	5	ihm	12
deu-x-bible-schlachter2000.txt	5	ihm	12
deu-x-bible-tafelbibel.txt	5	ihm	12
deu-x-bible-textbibel.txt	5	ihm	12
deu-x-bible-volxbibel.txt	6	Jesus	12
deu-x-bible-zuercher.txt	5	ihm	12
eng-x-bible-amplified.txt	3	him	12
eng-x-bible-books.txt	10	him	12
eng-x-bible-clontz.txt	4	him	12
eng-x-bible-darby.txt	5	him	12
eng-x-bible-diaglot.txt	5	him	12
eng-x-bible-easytoread.txt	3	him	12
eng-x-bible-etheridge.txt	4	him	12
eng-x-bible-godsword.txt	3	him	12
eng-x-bible-internationalstandard.txt	4	him	12
eng-x-bible-kingjames.txt	5	him	12
eng-x-bible-lexham.txt	5	him	12
eng-x-bible-literal.txt	5	him	12
eng-x-bible-livingoracles.txt	4	him	12
eng-x-bible-majority.txt	5	him	12
eng-x-bible-new2007.txt	4	him	12
eng-x-bible-newcentury.txt	3	him	12
eng-x-bible-newinternational.txt	10	him	12
eng-x-bible-newreaders.txt	10	him	12
eng-x-bible-scriptures.txt	5	him	12
eng-x-bible-treeoflife.txt	9	him	12
isl-x-bible-isl.txt	4	hann	12
nds-x-bible-nds.txt	5	am	12
nld-x-bible-1951.txt	5	hem	12
nld-x-bible-statenvertaling.txt	5	hem	12
nob-x-bible-1988.txt	3	ham	12
nob-x-bible-2007.txt	4	ham	12
nor-x-bible-1930.txt	4	ham	12
swe-x-bible-b2000.txt	3	honom	12
swe-x-bible-nyalevande.txt	3	honom	12
swg-x-bible-swg.txt	4	nen	12
afr-x-bible-1953.txt	11	Hy	13
afr-x-bible-viralmal.txt	14	Hy	13
dan-x-bible-1931.txt	13	Han	13
dan-x-bible-frederik.txt	11	Han	13
dan-x-bible-hverdagsdansk.txt	11	Det	13
deu-x-bible-albrecht.txt	14	Er	13
deu-x-bible-elberfelder1871.txt	11	Er	13
deu-x-bible-elberfelder1905.txt	11	Er	13
deu-x-bible-erben.txt	11	Er	13
deu-x-bible-freebible.txt	11	Er	13
deu-x-bible-gruenewalder.txt	11	Er	13
deu-x-bible-interlinear.txt	11	Er	13
deu-x-bible-luther1545.txt	11	Er	13
deu-x-bible-luther1545letztehand.txt	11	Er	13
deu-x-bible-luther1912.txt	11	Er	13
deu-x-bible-meister.txt	11	Er	13
deu-x-bible-menge.txt	13	Er	13
deu-x-bible-pattloch.txt	12	Er	13
deu-x-bible-reinhardt1910.txt	10	Er	13
deu-x-bible-schlachter.txt	11	Er	13
deu-x-bible-schlachter2000.txt	11	Er	13
deu-x-bible-tafelbibel.txt	11	Er	13
deu-x-bible-textbibel.txt	12	er	13
deu-x-bible-zuercher.txt	11	Er	13
eng-x-bible-amplified.txt	9	He	13
eng-x-bible-clontz.txt	12	He	13
eng-x-bible-common.txt	11	He	13
eng-x-bible-darby.txt	11	He	13
eng-x-bible-diaglot.txt	11	He	13
eng-x-bible-easytoread.txt	12	He	13
eng-x-bible-etheridge.txt	10	He	13
eng-x-bible-godsword.txt	12	The	13
eng-x-bible-godsword.txt	13	man	13
eng-x-bible-internationalstandard.txt	13	He	13
eng-x-bible-kingjames.txt	11	He	13
eng-x-bible-lexham.txt	14	He	13
eng-x-bible-literal.txt	12	He	13
eng-x-bible-livingoracles.txt	10	He	13
eng-x-bible-majority.txt	13	He	13
eng-x-bible-new2007.txt	13	He	13
eng-x-bible-newsimplified.txt	11	He	13
eng-x-bible-scriptures.txt	13	He	13
eng-x-bible-worldwide.txt	9	He	13
isl-x-bible-isl.txt	12	Hann	13
nds-x-bible-nds.txt	11	Hee	13
nld-x-bible-1951.txt	11	Hij	13
nld-x-bible-statenvertaling.txt	11	Hij	13
nob-x-bible-2007.txt	10	Han	13
nor-x-bible-1930.txt	10	Han	13
swe-x-bible-b2000.txt	11	Han	13
swe-x-bible-folk1998.txt	11	Han	13
swe-x-bible-nyalevande.txt	12	Men	13
swg-x-bible-swg.txt	10	Er	13
afr-x-bible-1953.txt	2	hulle	14
afr-x-bible-viralmal.txt	1	Hulle	14
dan-x-bible-1931.txt	3	de	14
dan-x-bible-frederik.txt	3	de	14
deu-x-bible-albrecht.txt	3	sie	14
deu-x-bible-elberfelder1871.txt	3	sie	14
deu-x-bible-elberfelder1905.txt	3	sie	14
deu-x-bible-erben.txt	3	sie	14
deu-x-bible-freebible.txt	3	sie	14
deu-x-bible-gruenewalder.txt	1	Sie	14
deu-x-bible-interlinear.txt	2	sie	14
deu-x-bible-konkordant.txt	3	sie	14
deu-x-bible-luther1545.txt	3	sie	14
deu-x-bible-luther1545letztehand.txt	3	sie	14
deu-x-bible-luther1912.txt	3	sie	14
deu-x-bible-meister.txt	2	sie	14
deu-x-bible-menge.txt	1	Sie	14
deu-x-bible-pattloch.txt	2	sie	14
deu-x-bible-reinhardt1910.txt	3	sie	14
deu-x-bible-schlachter.txt	3	sie	14
deu-x-bible-schlachter2000.txt	3	sie	14
deu-x-bible-tafelbibel.txt	3	sie	14
deu-x-bible-textbibel.txt	2	sie	14
deu-x-bible-zuercher.txt	2	sie	14
eng-x-bible-amplified.txt	1	They	14
eng-x-bible-clontz.txt	1	They	14
eng-x-bible-common.txt	1	They	14
eng-x-bible-darby.txt	1	They	14
eng-x-bible-diaglot.txt	1	They	14
eng-x-bible-easytoread.txt	1	They	14
eng-x-bible-godsword.txt	1	They	14
eng-x-bible-internationalstandard.txt	1	They	14
eng-x-bible-kingjames.txt	3	they	14
eng-x-bible-lexham.txt	2	they	14
eng-x-bible-literal.txt	2	they	14
eng-x-bible-livingoracles.txt	2	they	14
eng-x-bible-majority.txt	2	they	14
eng-x-bible-new2007.txt	1	They	14
eng-x-bible-newcentury.txt	1	They	14
eng-x-bible-newsimplified.txt	1	They	14
eng-x-bible-scriptures.txt	2	they	14
isl-x-bible-isl.txt	1	Þeir	14
nds-x-bible-nds.txt	3	see	14
nld-x-bible-1951.txt	2	zij	14
nld-x-bible-2004.txt	1	Ze	14
nld-x-bible-statenvertaling.txt	1	Zij	14
nob-x-bible-1988.txt	1	De	14
nob-x-bible-2007.txt	1	De	14
nor-x-bible-1930.txt	1	De	14
swe-x-bible-b2000.txt	1	De	14
swe-x-bible-folk1998.txt	1	De	14
swe-x-bible-nyalevande.txt	1	De	14
swg-x-bible-swg.txt	3	sie	14
afr-x-bible-1983.txt	7	”	15
afr-x-bible-boodskap.txt	13	"	15
afr-x-bible-lewende.txt	14	"	15
afr-x-bible-viralmal.txt	13	”	15
dan-x-bible-1931.txt	12	"	15
deu-x-bible-albrecht.txt	13	"	15
deu-x-bible-genfer2011.txt	9	«	15
deu-x-bible-greber.txt	13	"	15
deu-x-bible-gruenewalder.txt	10	«	15
deu-x-bible-konkordant.txt	11	"	15
deu-x-bible-menge.txt	12	«	15
deu-x-bible-neue.txt	13	"	15
deu-x-bible-pattloch.txt	11	"	15
deu-x-bible-volxbibel.txt	9	“	15
eng-x-bible-books.txt	12	"	15
eng-x-bible-clontz.txt	11	«	15
eng-x-bible-common.txt	10	"	15
eng-x-bible-contemporary.txt	7	”	15
eng-x-bible-easytoread.txt	11	”	15
eng-x-bible-godsword.txt	11	”	15
eng-x-bible-internationalstandard.txt	12	”	15
eng-x-bible-lexham.txt	13	”	15
eng-x-bible-majority.txt	12	"	15
eng-x-bible-montgomery.txt	10	"	15
eng-x-bible-new2007.txt	12	”	15
eng-x-bible-newcentury.txt	11	”	15
eng-x-bible-newreaders.txt	12	"	15
eng-x-bible-newsimplified.txt	10	«	15
eng-x-bible-scriptures.txt	12	”	15
eng-x-bible-treeoflife.txt	6	”	15
isl-x-bible-isl.txt	11	"	15
nld-x-bible-2004.txt	10	’	15
nld-x-bible-2007.txt	9	’	15
nno-x-bible-2011.txt	7	»	15
nob-x-bible-1985.txt	7	»	15
nob-x-bible-1988.txt	11	”	15
nob-x-bible-2011.txt	7	»	15
nor-x-bible-student.txt	9	»	15
swe-x-bible-b2000.txt	10	«	15
swe-x-bible-folk1998.txt	10	"	15
swe-x-bible-nyalevande.txt	11	"	15
afr-x-bible-1953.txt	9	Hy	16
afr-x-bible-1983.txt	4	hy	16
dan-x-bible-1931.txt	10	han	16
dan-x-bible-frederik.txt	9	han	16
deu-x-bible-erben.txt	9	derselbe	16
deu-x-bible-hoffnung.txt	12	weiter	16
deu-x-bible-interlinear.txt	9	er	16
deu-x-bible-konkordant.txt	12	Er	16
deu-x-bible-luther1545.txt	9	derselbige	16
deu-x-bible-luther1545letztehand.txt	9	derselbige	16
deu-x-bible-luther1912.txt	9	er	16
deu-x-bible-meister.txt	9	Er	16
deu-x-bible-neue.txt	5	er	16
deu-x-bible-reinhardt1910.txt	8	derselbe	16
deu-x-bible-schlachter2000.txt	9	er	16
deu-x-bible-zuercher.txt	9	er	16
eng-x-bible-amplified.txt	7	He	16
eng-x-bible-clontz.txt	9	he	16
eng-x-bible-contemporary.txt	4	he	16
eng-x-bible-darby.txt	9	he	16
eng-x-bible-diaglot.txt	9	he	16
eng-x-bible-etheridge.txt	8	he	16
eng-x-bible-goodnews.txt	4	he	16
eng-x-bible-kingjames.txt	9	he	16
eng-x-bible-livingoracles.txt	8	he	16
eng-x-bible-majority.txt	10	He	16
eng-x-bible-montgomery.txt	4	he	16
eng-x-bible-newliving.txt	4	he	16
eng-x-bible-newsimplified.txt	8	he	16
eng-x-bible-scriptures.txt	10	He	16
eng-x-bible-treeoflife.txt	4	He	16
isl-x-bible-isl.txt	9	hann	16
nld-x-bible-1951.txt	9	Hij	16
nob-x-bible-1988.txt	8	Jesus	16
nob-x-bible-2007.txt	8	han	16
nor-x-bible-1930.txt	8	han	16
nor-x-bible-student.txt	4	han	16
swe-x-bible-b2000.txt	8	han	16
swe-x-bible-nyalevande.txt	8	han	16
swg-x-bible-swg.txt	8	scha	16
afr-x-bible-1953.txt	4	vir	17
afr-x-bible-viralmal.txt	3	vir	17
dan-x-bible-1931.txt	4	til	17
dan-x-bible-frederik.txt	4	til	17
deu-x-bible-elberfelder1871.txt	4	zu	17
deu-x-bible-elberfelder1905.txt	4	zu	17
deu-x-bible-erben.txt	4	zu	17
deu-x-bible-freebible.txt	4	zu	17
deu-x-bible-interlinear.txt	4	zu	17
deu-x-bible-luther1545.txt	4	zu	17
deu-x-bible-luther1545letztehand.txt	4	zu	17
deu-x-bible-luther1912.txt	4	zu	17
deu-x-bible-meister.txt	4	zu	17
deu-x-bible-schlachter.txt	4	zu	17
deu-x-bible-schlachter2000.txt	4	zu	17
deu-x-bible-tafelbibel.txt	4	zu	17
deu-x-bible-textbibel.txt	4	zu	17
deu-x-bible-zuercher.txt	4	zu	17
eng-x-bible-clontz.txt	3	to	17
eng-x-bible-darby.txt	4	to	17
eng-x-bible-diaglot.txt	4	to	17
eng-x-bible-etheridge.txt	3	to	17
eng-x-bible-internationalstandard.txt	3	to	17
eng-x-bible-kingjames.txt	4	unto	17
eng-x-bible-lexham.txt	4	to	17
eng-x-bible-literal.txt	4	to	17
eng-x-bible-majority.txt	4	to	17
eng-x-bible-new2007.txt	3	to	17
eng-x-bible-scriptures.txt	4	to	17
isl-x-bible-isl.txt	3	við	17
nds-x-bible-nds.txt	4	too	17
nld-x-bible-1951.txt	4	tot	17
nld-x-bible-statenvertaling.txt	4	tot	17
nob-x-bible-2007.txt	3	til	17
nor-x-bible-1930.txt	3	til	17
afr-x-bible-1953.txt	1	En	18
afr-x-bible-viralmal.txt	2	het	18
dan-x-bible-1931.txt	1	Da	18
dan-x-bible-frederik.txt	1	Da	18
deu-x-bible-albrecht.txt	1	Nun	18
deu-x-bible-elberfelder1871.txt	1	Da	18
deu-x-bible-elberfelder1905.txt	1	Da	18
deu-x-bible-erben.txt	1	Da	18
deu-x-bible-freebible.txt	1	Da	18
deu-x-bible-genfer2011.txt	2	Und	18
deu-x-bible-interlinear.txt	1	Und	18
deu-x-bible-konkordant.txt	1	Da	18
deu-x-bible-luther1545.txt	1	Da	18
deu-x-bible-luther1545letztehand.txt	1	Da	18
deu-x-bible-luther1912.txt	1	Da	18
deu-x-bible-meister.txt	1	Und	18
deu-x-bible-neue.txt	2	Und	18
deu-x-bible-pattloch.txt	1	Und	18
deu-x-bible-reinhardt1910.txt	1	Da	18
deu-x-bible-schlachter.txt	1	Da	18
deu-x-bible-schlachter2000.txt	1	Da	18
deu-x-bible-tafelbibel.txt	1	Da	18
deu-x-bible-textbibel.txt	1	Und	18
deu-x-bible-volxbibel.txt	2	Und	18
deu-x-bible-zuercher.txt	1	Und	18
eng-x-bible-kingjames.txt	1	Then	18
eng-x-bible-lexham.txt	1	And	18
eng-x-bible-literal.txt	1	Then	18
eng-x-bible-livingoracles.txt	1	Then	18
eng-x-bible-majority.txt	1	Then	18
eng-x-bible-scriptures.txt	1	And	18
nds-x-bible-nds.txt	1	Donn	18
nld-x-bible-1951.txt	1	En	18
swg-x-bible-swg.txt	1	Do	18
afr-x-bible-boodskap.txt	5	daardie	19
afr-x-bible-lewende.txt	4	daardie	19
afr-x-bible-viralmal.txt	10	daardie	19
dan-x-bible-hverdagsdansk.txt	3	den	19
deu-x-bible-elberfelder1871.txt	9	jener	19
deu-x-bible-elberfelder1905.txt	9	jener	19
deu-x-bible-freebible.txt	9	jener	19
deu-x-bible-genfer2011.txt	5	dieser	19
deu-x-bible-greber.txt	5	dieser	19
deu-x-bible-gruenewalder.txt	8	jener	19
deu-x-bible-hoffnung.txt	5	dieser	19
deu-x-bible-konkordant.txt	9	jener	19
deu-x-bible-pattloch.txt	9	jener	19
deu-x-bible-volxbibel.txt	5	dieser	19
eng-x-bible-books.txt	4	this	19
eng-x-bible-common.txt	7	this	19
eng-x-bible-easytoread.txt	8	this	19
eng-x-bible-godsword.txt	8	that	19
eng-x-bible-internationalstandard.txt	9	that	19
eng-x-bible-lexham.txt	10	that	19
eng-x-bible-literal.txt	9	that	19
eng-x-bible-new2007.txt	9	that	19
eng-x-bible-newcentury.txt	8	this	19
eng-x-bible-newinternational.txt	4	this	19
eng-x-bible-newreaders.txt	4	this	19
eng-x-bible-worldwide.txt	3	the	19
nld-x-bible-2004.txt	7	die	19
nld-x-bible-2007.txt	4	die	19
nno-x-bible-2011.txt	4	denne	19
nob-x-bible-1985.txt	4	denne	19
nob-x-bible-2011.txt	4	denne	19
nor-x-bible-student.txt	6	den	19
swe-x-bible-folk1998.txt	7	den	19
afr-x-bible-boodskap.txt	6	man	20
afr-x-bible-lewende.txt	5	man	20
afr-x-bible-viralmal.txt	11	man	20
dan-x-bible-hverdagsdansk.txt	4	mand	20
deu-x-bible-albrecht.txt	11	Mann	20
deu-x-bible-genfer2011.txt	6	Mann	20
deu-x-bible-greber.txt	6	Mann	20
deu-x-bible-menge.txt	10	Mann	20
eng-x-bible-books.txt	5	man	20
eng-x-bible-common.txt	8	man	20
eng-x-bible-easytoread.txt	9	man	20
eng-x-bible-godsword.txt	9	man	20
eng-x-bible-internationalstandard.txt	10	man	20
eng-x-bible-lexham.txt	11	man	20
eng-x-bible-literal.txt	10	one	20
eng-x-bible-new2007.txt	10	man	20
eng-x-bible-newcentury.txt	9	man	20
eng-x-bible-newinternational.txt	5	man	20
eng-x-bible-newreaders.txt	5	man	20
eng-x-bible-worldwide.txt	4	man	20
nld-x-bible-2004.txt	8	man	20
nld-x-bible-2007.txt	5	man	20
nno-x-bible-2011.txt	5	mannen	20
nob-x-bible-1985.txt	5	mannen	20
nob-x-bible-2011.txt	5	mannen	20
nor-x-bible-student.txt	7	mannen	20
swe-x-bible-folk1998.txt	8	mannen	20
swe-x-bible-nyalevande.txt	13	mannen	20
dan-x-bible-1931.txt	17	Det	21
deu-x-bible-albrecht.txt	18	Das	21
deu-x-bible-elberfelder1871.txt	16	es	21
deu-x-bible-elberfelder1905.txt	16	es	21
deu-x-bible-freebible.txt	16	es	21
deu-x-bible-genfer2011.txt	17	es	21
deu-x-bible-greber.txt	16	es	21
deu-x-bible-gruenewalder.txt	17	es	21
deu-x-bible-hoffnung.txt	15	Das	21
deu-x-bible-konkordant.txt	19	es	21
deu-x-bible-meister.txt	16	es	21
deu-x-bible-menge.txt	17	Das	21
deu-x-bible-neue.txt	16	es	21
deu-x-bible-pattloch.txt	18	es	21
deu-x-bible-reinhardt1910.txt	15	es	21
deu-x-bible-schlachter.txt	16	es	21
deu-x-bible-schlachter2000.txt	16	es	21
deu-x-bible-tafelbibel.txt	16	es	21
deu-x-bible-textbibel.txt	16	es	21
deu-x-bible-zuercher.txt	16	es	21
eng-x-bible-montgomery.txt	18	the	21
isl-x-bible-isl.txt	16	Það	21
nds-x-bible-nds.txt	16	daut	21
nld-x-bible-1951.txt	16	het	21
nld-x-bible-2004.txt	12	Dat	21
nld-x-bible-2007.txt	14	Dat	21
nld-x-bible-statenvertaling.txt	16	het	21
nob-x-bible-1988.txt	13	Det	21
swe-x-bible-folk1998.txt	15	Det	21
swe-x-bible-nyalevande.txt	17	Det	21
swg-x-bible-swg.txt	16	ses	21
afr-x-bible-1983.txt	20	sy	22
afr-x-bible-boodskap.txt	22	sy	22
afr-x-bible-lewende.txt	21	hy	22
dan-x-bible-hverdagsdansk.txt	17	han	22
deu-x-bible-genfer2011.txt	22	er	22
deu-x-bible-greber.txt	21	seine	22
deu-x-bible-hoffnung.txt	22	er	22
deu-x-bible-neue.txt	21	er	22
deu-x-bible-volxbibel.txt	17	seine	22
eng-x-bible-books.txt	18	he	22
eng-x-bible-contemporary.txt	17	he	22
eng-x-bible-goodnews.txt	16	he	22
eng-x-bible-montgomery.txt	19	man	22
eng-x-bible-newcentury.txt	18	he	22
eng-x-bible-newinternational.txt	18	he	22
eng-x-bible-newliving.txt	17	he	22
eng-x-bible-newreaders.txt	18	he	22
eng-x-bible-treeoflife.txt	17	he	22
nld-x-bible-2004.txt	19	hij	22
nld-x-bible-2007.txt	21	hij	22
nno-x-bible-2011.txt	18	han	22
nob-x-bible-1985.txt	18	han	22
nob-x-bible-1988.txt	20	mannen	22
nob-x-bible-2011.txt	18	han	22
nor-x-bible-student.txt	20	han	22
afr-x-bible-1983.txt	17	,	23
afr-x-bible-boodskap.txt	19	,	23
afr-x-bible-lewende.txt	18	,	23
dan-x-bible-hverdagsdansk.txt	15	,	23
deu-x-bible-genfer2011.txt	20	,	23
deu-x-bible-greber.txt	19	,	23
deu-x-bible-luther1545letztehand.txt	13	/	23
deu-x-bible-neue.txt	19	,	23
eng-x-bible-books.txt	16	,	23
eng-x-bible-contemporary.txt	15	,	23
eng-x-bible-etheridge.txt	14	,	23
eng-x-bible-goodnews.txt	14	,	23
eng-x-bible-kingjames.txt	13	,	23
eng-x-bible-livingoracles.txt	12	,	23
eng-x-bible-montgomery.txt	15	,	23
eng-x-bible-newcentury.txt	16	,	23
eng-x-bible-newinternational.txt	16	,	23
eng-x-bible-newliving.txt	15	,	23
eng-x-bible-treeoflife.txt	15	,	23
nld-x-bible-2004.txt	16	,	23
nld-x-bible-2007.txt	18	,	23
nno-x-bible-2011.txt	16	,	23
nob-x-bible-1985.txt	15	,	23
nob-x-bible-1988.txt	17	,	23
nob-x-bible-2011.txt	16	,	23
nor-x-bible-student.txt	17	,	23
afr-x-bible-1983.txt	12	.	24
afr-x-bible-boodskap.txt	12	.	24
afr-x-bible-lewende.txt	13	.	24
dan-x-bible-hverdagsdansk.txt	10	.	24
deu-x-bible-genfer2011.txt	13	.	24
deu-x-bible-greber.txt	12	.	24
deu-x-bible-hoffnung.txt	13	.	24
deu-x-bible-neue.txt	12	.	24
deu-x-bible-volxbibel.txt	13	!	24
eng-x-bible-books.txt	11	.	24
eng-x-bible-contemporary.txt	10	.	24
eng-x-bible-goodnews.txt	9	.	24
eng-x-bible-montgomery.txt	9	.	24
eng-x-bible-newinternational.txt	11	.	24
eng-x-bible-newliving.txt	10	.	24
eng-x-bible-newreaders.txt	11	.	24
eng-x-bible-treeoflife.txt	10	.	24
eng-x-bible-worldwide.txt	8	.	24
nld-x-bible-2007.txt	12	.	24
nno-x-bible-2011.txt	10	.	24
nob-x-bible-1985.txt	10	.	24
nob-x-bible-2011.txt	10	.	24
nor-x-bible-student.txt	12	.	24
afr-x-bible-1983.txt	21	antwoord	25
afr-x-bible-boodskap.txt	23	antwoord	25
afr-x-bible-lewende.txt	22	geantwoord	25
dan-x-bible-hverdagsdansk.txt	16	svarede	25
deu-x-bible-genfer2011.txt	21	erwiderte	25
deu-x-bible-greber.txt	22	Antwort	25
deu-x-bible-hoffnung.txt	23	ihnen	25
deu-x-bible-hoffnung.txt	25	Antwort	25
deu-x-bible-neue.txt	20	erwiderte	25
deu-x-bible-volxbibel.txt	18	Antwort	25
eng-x-bible-books.txt	19	said	25
eng-x-bible-contemporary.txt	18	answered	25
eng-x-bible-goodnews.txt	17	answered	25
eng-x-bible-montgomery.txt	17	answered	25
eng-x-bible-newcentury.txt	19	answered	25
eng-x-bible-newinternational.txt	19	said	25
eng-x-bible-newliving.txt	18	replied	25
eng-x-bible-newreaders.txt	19	said	25
eng-x-bible-treeoflife.txt	18	said	25
nld-x-bible-2004.txt	18	zei	25
nld-x-bible-2007.txt	20	zei	25
nno-x-bible-2011.txt	17	svara	25
nob-x-bible-1985.txt	17	svarte	25
nob-x-bible-1988.txt	19	svarte	25
nob-x-bible-2011.txt	17	svarte	25
nor-x-bible-student.txt	19	segjer	25
afr-x-bible-1983.txt	9	hulle	26
afr-x-bible-lewende.txt	10	hulle	26
dan-x-bible-hverdagsdansk.txt	9	folk	26
deu-x-bible-genfer2011.txt	12	sie	26
deu-x-bible-greber.txt	10	sie	26
deu-x-bible-hoffnung.txt	11	sie	26
deu-x-bible-neue.txt	11	sie	26
eng-x-bible-books.txt	8	they	26
eng-x-bible-contemporary.txt	8	they	26
eng-x-bible-goodnews.txt	7	they	26
eng-x-bible-montgomery.txt	7	they	26
eng-x-bible-newinternational.txt	8	they	26
eng-x-bible-newliving.txt	8	they	26
eng-x-bible-newreaders.txt	8	they	26
eng-x-bible-treeoflife.txt	7	they	26
eng-x-bible-worldwide.txt	6	they	26
nld-x-bible-2007.txt	11	zij	26
nno-x-bible-2011.txt	9	dei	26
nob-x-bible-1985.txt	9	de	26
nob-x-bible-2011.txt	9	de	26
nor-x-bible-student.txt	11	dei	26
afr-x-bible-1983.txt	8	vra	27
dan-x-bible-hverdagsdansk.txt	8	spurgte	27
deu-x-bible-genfer2011.txt	11	fragten	27
deu-x-bible-greber.txt	9	fragten	27
deu-x-bible-hoffnung.txt	10	fragten	27
deu-x-bible-neue.txt	10	fragten	27
eng-x-bible-books.txt	9	asked	27
eng-x-bible-contemporary.txt	9	asked	27
eng-x-bible-goodnews.txt	8	asked	27
eng-x-bible-montgomery.txt	8	asked	27
eng-x-bible-newinternational.txt	9	asked	27
eng-x-bible-newreaders.txt	9	asked	27
eng-x-bible-treeoflife.txt	8	asked	27
eng-x-bible-worldwide.txt	7	asked	27
nld-x-bible-2007.txt	10	vroegen	27
nno-x-bible-2011.txt	8	spurde	27
nob-x-bible-2011.txt	8	spurte	27
nor-x-bible-student.txt	10	spurde	27
afr-x-bible-1983.txt	5	nou	28
afr-x-bible-lewende.txt	6	nou	28
dan-x-bible-hverdagsdansk.txt	6	nu	28
deu-x-bible-genfer2011.txt	7	jetzt	28
deu-x-bible-greber.txt	11	nun	28
deu-x-bible-menge.txt	4	nun	28
deu-x-bible-neue.txt	6	jetzt	28
deu-x-bible-volxbibel.txt	7	jetzt	28
eng-x-bible-contemporary.txt	5	now	28
eng-x-bible-newliving.txt	5	now	28
nld-x-bible-2007.txt	7	nu	28
nob-x-bible-1988.txt	9	nå	28
swe-x-bible-nyalevande.txt	9	nu	28
afr-x-bible-boodskap.txt	4	s	29
eng-x-bible-amplified.txt	4	,	29
eng-x-bible-clontz.txt	5	,	29
eng-x-bible-common.txt	3	,	29
eng-x-bible-easytoread.txt	4	,	29
eng-x-bible-etheridge.txt	5	,	29
eng-x-bible-godsword.txt	4	,	29
eng-x-bible-internationalstandard.txt	5	,	29
eng-x-bible-lexham.txt	6	,	29
eng-x-bible-majority.txt	6	,	29
eng-x-bible-new2007.txt	5	,	29
eng-x-bible-newcentury.txt	4	,	29
eng-x-bible-scriptures.txt	6	,	29
nor-x-bible-student.txt	5	,	29
afr-x-bible-boodskap.txt	3	'	30
afr-x-bible-viralmal.txt	6	:	30
deu-x-bible-albrecht.txt	5	:	30
deu-x-bible-gruenewalder.txt	4	:	30
deu-x-bible-konkordant.txt	5	:	30
deu-x-bible-menge.txt	5	:	30
deu-x-bible-pattloch.txt	5	:	30
eng-x-bible-newsimplified.txt	4	:	30
isl-x-bible-isl.txt	5	:	30
nld-x-bible-2004.txt	3	:	30
nob-x-bible-1988.txt	4	:	30
swe-x-bible-b2000.txt	4	:	30
swe-x-bible-folk1998.txt	3	:	30
swe-x-bible-nyalevande.txt	4	:	30
eng-x-bible-amplified.txt	11	,	31
eng-x-bible-clontz.txt	14	,	31
eng-x-bible-common.txt	13	,	31
eng-x-bible-darby.txt	13	,	31
eng-x-bible-easytoread.txt	14	,	31
eng-x-bible-godsword.txt	15	,	31
eng-x-bible-internationalstandard.txt	15	,	31
eng-x-bible-lexham.txt	16	,	31
eng-x-bible-literal.txt	14	,	31
eng-x-bible-majority.txt	15	,	31
eng-x-bible-new2007.txt	15	,	31
eng-x-bible-scriptures.txt	15	,	31
deu-x-bible-albrecht.txt	10	der	32
deu-x-bible-menge.txt	9	der	32
deu-x-bible-schlachter.txt	9	der	32
deu-x-bible-tafelbibel.txt	9	Der	32
deu-x-bible-textbibel.txt	9	der	32
nds-x-bible-nds.txt	9	dee	32
nld-x-bible-statenvertaling.txt	9	Die	32
afr-x-bible-1983.txt	19	was	33
afr-x-bible-boodskap.txt	21	was	33
afr-x-bible-lewende.txt	20	het	33
deu-x-bible-greber.txt	20	war	33
deu-x-bible-hoffnung.txt	21	gab	33
deu-x-bible-volxbibel.txt	16	war	33
deu-x-bible-albrecht.txt	9	denn	34
deu-x-bible-greber.txt	4	denn	34
deu-x-bible-hoffnung.txt	4	denn	34
eng-x-bible-darby.txt	3	therefore	34
eng-x-bible-diaglot.txt	3	then	34
nld-x-bible-2007.txt	6	dan	34
nld-x-bible-statenvertaling.txt	2	dan	34
afr-x-bible-1983.txt	11	toe	35
afr-x-bible-viralmal.txt	16	toe	35
eng-x-bible-etheridge.txt	12	to	35
