afr-x-bible-1953.txt	6	gesê	1
afr-x-bible-1953.txt	7	:	1
afr-x-bible-1983.txt	8	:	1
afr-x-bible-1983.txt	9	‘	1
afr-x-bible-boodskap.txt	26	:	1
afr-x-bible-boodskap.txt	27	'	1
afr-x-bible-lewende.txt	7	:	1
afr-x-bible-lewende.txt	8	'	1
afr-x-bible-viralmal.txt	8	:	1
afr-x-bible-viralmal.txt	9	‘	1
dan-x-bible-1931.txt	6	:	1
dan-x-bible-frederik.txt	6	:	1
dan-x-bible-hverdagsdansk.txt	6	:	1
deu-x-bible-albrecht.txt	6	:	1
deu-x-bible-albrecht.txt	7	'	1
deu-x-bible-elberfelder1871.txt	6	:	1
deu-x-bible-elberfelder1905.txt	6	:	1
deu-x-bible-erben.txt	6	:	1
deu-x-bible-freebible.txt	6	:	1
deu-x-bible-genfer2011.txt	4	:	1
deu-x-bible-genfer2011.txt	5	›	1
deu-x-bible-greber.txt	4	:	1
deu-x-bible-greber.txt	5	"	1
deu-x-bible-gruenewalder.txt	6	:	1
deu-x-bible-gruenewalder.txt	7	"	1
deu-x-bible-hoffnung.txt	6	›	1
deu-x-bible-interlinear.txt	6	:	1
deu-x-bible-konkordant.txt	6	:	1
deu-x-bible-luther1545.txt	6	:	1
deu-x-bible-luther1912.txt	6	:	1
deu-x-bible-meister.txt	6	:	1
deu-x-bible-menge.txt	5	:	1
deu-x-bible-menge.txt	6	›	1
deu-x-bible-neue.txt	5	:	1
deu-x-bible-neue.txt	6	'	1
deu-x-bible-pattloch.txt	6	:	1
deu-x-bible-pattloch.txt	7	"	1
deu-x-bible-schlachter.txt	6	:	1
deu-x-bible-schlachter2000.txt	6	:	1
deu-x-bible-tafelbibel.txt	6	:	1
deu-x-bible-textbibel.txt	6	:	1
deu-x-bible-volxbibel.txt	5	:	1
deu-x-bible-volxbibel.txt	6	‚	1
deu-x-bible-zuercher.txt	6	:	1
eng-x-bible-amplified.txt	7	,	1
eng-x-bible-clontz.txt	7	‘	1
eng-x-bible-common.txt	8	‘	1
eng-x-bible-diaglot.txt	6	:	1
eng-x-bible-easytoread.txt	8	‘	1
eng-x-bible-godsword.txt	8	‘	1
eng-x-bible-goodnews.txt	1	‘	1
eng-x-bible-goodnews.txt	4	’	1
eng-x-bible-goodnews.txt	11	‘	1
eng-x-bible-internationalstandard.txt	7	‘	1
eng-x-bible-kingjames.txt	6	,	1
eng-x-bible-lexham.txt	7	‘	1
eng-x-bible-majority.txt	8	'	1
eng-x-bible-new2007.txt	7	‘	1
eng-x-bible-newcentury.txt	8	‘	1
eng-x-bible-newinternational.txt	9	“	1
eng-x-bible-newliving.txt	9	‘	1
eng-x-bible-newreaders.txt	8	,	1
eng-x-bible-newreaders.txt	9	'	1
eng-x-bible-newsimplified.txt	5	:	1
eng-x-bible-newsimplified.txt	6	‘	1
eng-x-bible-scriptures.txt	8	‘	1
eng-x-bible-treeoflife.txt	8	‘	1
eng-x-bible-worldwide.txt	7	,	1
eng-x-bible-worldwide.txt	8	"	1
isl-x-bible-isl.txt	5	:	1
nds-x-bible-nds.txt	6	:	1
nld-x-bible-1951.txt	6	:	1
nld-x-bible-2004.txt	6	:	1
nld-x-bible-2004.txt	7	“	1
nld-x-bible-2007.txt	4	:	1
nld-x-bible-2007.txt	5	“	1
nld-x-bible-statenvertaling.txt	6	:	1
nno-x-bible-2011.txt	6	:	1
nno-x-bible-2011.txt	7	‘	1
nob-x-bible-1985.txt	4	:	1
nob-x-bible-1985.txt	5	«	1
nob-x-bible-1988.txt	6	:	1
nob-x-bible-1988.txt	7	’	1
nob-x-bible-2007.txt	6	:	1
nob-x-bible-2011.txt	4	:	1
nob-x-bible-2011.txt	5	‘	1
nor-x-bible-1930.txt	6	:	1
nor-x-bible-student.txt	6	:	1
nor-x-bible-student.txt	7	«	1
swe-x-bible-b2000.txt	6	:	1
swe-x-bible-b2000.txt	7	’	1
swe-x-bible-folk1998.txt	6	:	1
swe-x-bible-nyalevande.txt	7	:	1
swe-x-bible-nyalevande.txt	8	'	1
swg-x-bible-swg.txt	12	:	1
afr-x-bible-1953.txt	19	gewone	2
afr-x-bible-1953.txt	20	heidene	2
afr-x-bible-1983.txt	25	heidene	2
afr-x-bible-boodskap.txt	53	aan	2
afr-x-bible-boodskap.txt	55	Joodse	2
afr-x-bible-lewende.txt	20	nie-	2
afr-x-bible-lewende.txt	21	Joodse	2
afr-x-bible-lewende.txt	22	nasies	2
afr-x-bible-viralmal.txt	23	heidene	2
dan-x-bible-1931.txt	18	Hedninger	2
dan-x-bible-frederik.txt	18	Hedningerne	2
dan-x-bible-hverdagsdansk.txt	18	folkeslag	2
deu-x-bible-albrecht.txt	19	Heiden	2
deu-x-bible-elberfelder1871.txt	18	Nationen	2
deu-x-bible-elberfelder1905.txt	18	Nationen	2
deu-x-bible-erben.txt	15	Nationen	2
deu-x-bible-freebible.txt	18	Nationen	2
deu-x-bible-genfer2011.txt	17	Völkern	2
deu-x-bible-greber.txt	18	Heiden	2
deu-x-bible-gruenewalder.txt	16	Heiden	2
deu-x-bible-hoffnung.txt	17	Völkern	2
deu-x-bible-hoffnung.txt	23	kennen	2
deu-x-bible-interlinear.txt	13	Völkern	2
deu-x-bible-konkordant.txt	22	Nationen	2
deu-x-bible-luther1545.txt	17	Heiden	2
deu-x-bible-luther1545letztehand.txt	17	Heiden	2
deu-x-bible-luther1912.txt	17	Heiden	2
deu-x-bible-meister.txt	17	Heiden	2
deu-x-bible-menge.txt	22	Heiden	2
deu-x-bible-neue.txt	18	Völkern	2
deu-x-bible-pattloch.txt	14	Heiden	2
deu-x-bible-schlachter.txt	19	Heiden	2
deu-x-bible-schlachter2000.txt	19	Heiden	2
deu-x-bible-tafelbibel.txt	17	Heiden	2
deu-x-bible-textbibel.txt	15	Heiden	2
deu-x-bible-volxbibel.txt	19	Völkern	2
deu-x-bible-zuercher.txt	15	Heiden	2
eng-x-bible-amplified.txt	19	Gentiles	2
eng-x-bible-amplified.txt	21	nations	2
eng-x-bible-clontz.txt	19	Gentiles	2
eng-x-bible-common.txt	19	Gentiles	2
eng-x-bible-darby.txt	18	nations	2
eng-x-bible-diaglot.txt	13	nations	2
eng-x-bible-easytoread.txt	20	non-Jewish	2
eng-x-bible-etheridge.txt	19	Gentiles	2
eng-x-bible-godsword.txt	26	Jewish	2
eng-x-bible-goodnews.txt	21	Gentiles	2
eng-x-bible-internationalstandard.txt	19	Gentiles	2
eng-x-bible-kingjames.txt	18	Gentiles	2
eng-x-bible-lexham.txt	19	Gentiles	2
eng-x-bible-literal.txt	16	nations	2
eng-x-bible-majority.txt	20	Gentiles	2
eng-x-bible-montgomery.txt	21	Gentiles	2
eng-x-bible-new2007.txt	19	Gentiles	2
eng-x-bible-newcentury.txt	21	nations	2
eng-x-bible-newinternational.txt	20	Gentiles	2
eng-x-bible-newliving.txt	21	Gentiles	2
eng-x-bible-newreaders.txt	23	Jews	2
eng-x-bible-newsimplified.txt	20	nations	2
eng-x-bible-scriptures.txt	21	gentiles	2
eng-x-bible-treeoflife.txt	20	Gentiles	2
eng-x-bible-worldwide.txt	23	Jews	2
isl-x-bible-isl.txt	17	heiðingja	2
nds-x-bible-nds.txt	17	Veltja	2
nld-x-bible-1951.txt	21	heidenen	2
nld-x-bible-2004.txt	16	heidenen	2
nld-x-bible-2007.txt	17	vreemde	2
nld-x-bible-2007.txt	18	volken	2
nld-x-bible-statenvertaling.txt	17	heidenen	2
nno-x-bible-2011.txt	17	heidningfolk	2
nob-x-bible-1985.txt	17	hedningfolkene	2
nob-x-bible-1988.txt	23	folk	2
nob-x-bible-2007.txt	16	hedningefolk	2
nob-x-bible-2011.txt	17	hedninger	2
nor-x-bible-1930.txt	17	hedningefolk	2
nor-x-bible-student.txt	17	heidningfolk	2
swe-x-bible-b2000.txt	15	hedningarna	2
swe-x-bible-folk1998.txt	15	hedningarna	2
swe-x-bible-nyalevande.txt	21	folk	2
swg-x-bible-swg.txt	28	Heide	2
afr-x-bible-1953.txt	15	ver	3
afr-x-bible-1983.txt	19	ver	3
afr-x-bible-boodskap.txt	38	ver	3
afr-x-bible-lewende.txt	14	ver	3
afr-x-bible-viralmal.txt	19	ver	3
dan-x-bible-1931.txt	15	langt	3
dan-x-bible-frederik.txt	15	langt	3
dan-x-bible-hverdagsdansk.txt	22	langt	3
dan-x-bible-hverdagsdansk.txt	23	borte	3
deu-x-bible-albrecht.txt	16	Ferne	3
deu-x-bible-elberfelder1871.txt	14	weit	3
deu-x-bible-elberfelder1905.txt	14	weit	3
deu-x-bible-erben.txt	16	weit	3
deu-x-bible-freebible.txt	14	weit	3
deu-x-bible-genfer2011.txt	19	weit	3
deu-x-bible-greber.txt	14	weit	3
deu-x-bible-gruenewalder.txt	19	Ferne	3
deu-x-bible-hoffnung.txt	13	weit	3
deu-x-bible-interlinear.txt	14	weit	3
deu-x-bible-konkordant.txt	19	Ferne	3
deu-x-bible-luther1545.txt	14	ferne	3
deu-x-bible-luther1545letztehand.txt	14	ferne	3
deu-x-bible-luther1912.txt	14	ferne	3
deu-x-bible-meister.txt	20	Ferne	3
deu-x-bible-menge.txt	19	Ferne	3
deu-x-bible-neue.txt	13	weit	3
deu-x-bible-pattloch.txt	17	Ferne	3
deu-x-bible-schlachter.txt	16	Ferne	3
deu-x-bible-schlachter2000.txt	16	Ferne	3
deu-x-bible-tafelbibel.txt	14	fern	3
deu-x-bible-textbibel.txt	18	Ferne	3
deu-x-bible-zuercher.txt	19	Ferne	3
eng-x-bible-amplified.txt	15	far	3
eng-x-bible-clontz.txt	15	far	3
eng-x-bible-common.txt	15	far	3
eng-x-bible-darby.txt	19	afar	3
eng-x-bible-diaglot.txt	15	distance	3
eng-x-bible-easytoread.txt	16	far	3
eng-x-bible-etheridge.txt	13	far	3
eng-x-bible-godsword.txt	20	far	3
eng-x-bible-goodnews.txt	17	far	3
eng-x-bible-internationalstandard.txt	15	far	3
eng-x-bible-kingjames.txt	14	far	3
eng-x-bible-lexham.txt	15	far	3
eng-x-bible-literal.txt	17	afar	3
eng-x-bible-livingoracles.txt	16	afar	3
eng-x-bible-majority.txt	16	far	3
eng-x-bible-montgomery.txt	16	far	3
eng-x-bible-new2007.txt	15	far	3
eng-x-bible-newcentury.txt	16	far	3
eng-x-bible-newinternational.txt	16	far	3
eng-x-bible-newliving.txt	17	far	3
eng-x-bible-newreaders.txt	16	far	3
eng-x-bible-newsimplified.txt	13	far	3
eng-x-bible-scriptures.txt	16	far	3
eng-x-bible-treeoflife.txt	16	far	3
eng-x-bible-worldwide.txt	15	far	3
isl-x-bible-isl.txt	18	langt	3
nds-x-bible-nds.txt	13	wiet	3
nld-x-bible-1951.txt	16	ver	3
nld-x-bible-2004.txt	19	ver	3
nld-x-bible-2007.txt	12	ver	3
nld-x-bible-statenvertaling.txt	14	ver	3
nno-x-bible-2011.txt	18	langt	3
nno-x-bible-2011.txt	19	borte	3
nob-x-bible-1988.txt	18	langt	3
nob-x-bible-2007.txt	17	langt	3
nob-x-bible-2007.txt	18	borte	3
nob-x-bible-2011.txt	18	langt	3
nob-x-bible-2011.txt	19	borte	3
nor-x-bible-1930.txt	18	langt	3
nor-x-bible-1930.txt	19	borte	3
nor-x-bible-student.txt	18	langt	3
nor-x-bible-student.txt	19	burte	3
swe-x-bible-b2000.txt	16	långt	3
swe-x-bible-b2000.txt	17	borta	3
swe-x-bible-folk1998.txt	16	långt	3
swe-x-bible-folk1998.txt	17	borta	3
swe-x-bible-nyalevande.txt	17	långt	3
swg-x-bible-swg.txt	25	Fremdi	3
afr-x-bible-1983.txt	7	gesê	4
afr-x-bible-boodskap.txt	12	vertel	4
afr-x-bible-boodskap.txt	25	gesê	4
afr-x-bible-lewende.txt	2	sê	4
afr-x-bible-viralmal.txt	7	gesê	4
dan-x-bible-1931.txt	3	sagde	4
dan-x-bible-frederik.txt	3	sagde	4
dan-x-bible-hverdagsdansk.txt	3	sagde	4
deu-x-bible-albrecht.txt	2	sprach	4
deu-x-bible-elberfelder1871.txt	3	sprach	4
deu-x-bible-elberfelder1905.txt	3	sprach	4
deu-x-bible-erben.txt	3	sprach	4
deu-x-bible-freebible.txt	3	sprach	4
deu-x-bible-genfer2011.txt	3	erwiderte	4
deu-x-bible-greber.txt	3	entgegnete	4
deu-x-bible-gruenewalder.txt	3	sprach	4
deu-x-bible-hoffnung.txt	4	befahl	4
deu-x-bible-hoffnung.txt	5	:	4
deu-x-bible-interlinear.txt	3	sagte	4
deu-x-bible-konkordant.txt	3	sagte	4
deu-x-bible-luther1545.txt	3	sprach	4
deu-x-bible-luther1545letztehand.txt	3	sprach	4
deu-x-bible-luther1912.txt	3	sprach	4
deu-x-bible-meister.txt	3	sprach	4
deu-x-bible-menge.txt	3	antwortete	4
deu-x-bible-neue.txt	3	befahl	4
deu-x-bible-pattloch.txt	3	sagte	4
deu-x-bible-schlachter.txt	3	sprach	4
deu-x-bible-schlachter2000.txt	3	sprach	4
deu-x-bible-tafelbibel.txt	2	sprach	4
deu-x-bible-textbibel.txt	3	sprach	4
deu-x-bible-volxbibel.txt	3	sagte	4
deu-x-bible-zuercher.txt	3	sprach	4
eng-x-bible-amplified.txt	4	said	4
eng-x-bible-clontz.txt	3	said	4
eng-x-bible-common.txt	4	said	4
eng-x-bible-darby.txt	3	said	4
eng-x-bible-diaglot.txt	3	said	4
eng-x-bible-easytoread.txt	4	said	4
eng-x-bible-etheridge.txt	3	said	4
eng-x-bible-godsword.txt	5	told	4
eng-x-bible-goodnews.txt	7	said	4
eng-x-bible-internationalstandard.txt	3	said	4
eng-x-bible-kingjames.txt	3	said	4
eng-x-bible-lexham.txt	3	said	4
eng-x-bible-literal.txt	3	said	4
eng-x-bible-livingoracles.txt	3	said	4
eng-x-bible-majority.txt	4	said	4
eng-x-bible-montgomery.txt	5	said	4
eng-x-bible-new2007.txt	3	said	4
eng-x-bible-newcentury.txt	4	said	4
eng-x-bible-newinternational.txt	5	said	4
eng-x-bible-newliving.txt	5	said	4
eng-x-bible-newreaders.txt	5	said	4
eng-x-bible-newsimplified.txt	4	said	4
eng-x-bible-scriptures.txt	4	said	4
eng-x-bible-treeoflife.txt	4	said	4
eng-x-bible-worldwide.txt	4	said	4
isl-x-bible-isl.txt	2	sagði	4
nds-x-bible-nds.txt	3	säd	4
nld-x-bible-1951.txt	3	zeide	4
nld-x-bible-2004.txt	3	zei	4
nld-x-bible-2007.txt	3	zei	4
nld-x-bible-statenvertaling.txt	3	zeide	4
nno-x-bible-2011.txt	2	sa	4
nob-x-bible-1985.txt	3	sa	4
nob-x-bible-1988.txt	3	sa	4
nob-x-bible-2007.txt	3	sa	4
nob-x-bible-2011.txt	3	sa	4
nor-x-bible-1930.txt	3	sa	4
nor-x-bible-student.txt	3	sagde	4
swe-x-bible-b2000.txt	2	sade	4
swe-x-bible-folk1998.txt	2	sade	4
swe-x-bible-nyalevande.txt	4	sa	4
swg-x-bible-swg.txt	6	sait	4
afr-x-bible-1953.txt	21	.	5
afr-x-bible-1983.txt	29	”	5
afr-x-bible-boodskap.txt	61	"	5
afr-x-bible-lewende.txt	26	"	5
afr-x-bible-viralmal.txt	27	”	5
dan-x-bible-1931.txt	20	"	5
dan-x-bible-frederik.txt	19	.	5
dan-x-bible-hverdagsdansk.txt	24	.	5
deu-x-bible-albrecht.txt	25	"	5
deu-x-bible-elberfelder1871.txt	20	.	5
deu-x-bible-elberfelder1905.txt	20	.	5
deu-x-bible-erben.txt	20	.	5
deu-x-bible-freebible.txt	20	.	5
deu-x-bible-genfer2011.txt	25	«	5
deu-x-bible-greber.txt	21	"	5
deu-x-bible-gruenewalder.txt	23	«	5
deu-x-bible-hoffnung.txt	26	«	5
deu-x-bible-interlinear.txt	19	!	5
deu-x-bible-konkordant.txt	27	"	5
deu-x-bible-luther1545.txt	19	.	5
deu-x-bible-luther1545letztehand.txt	19	.	5
deu-x-bible-luther1912.txt	19	!	5
deu-x-bible-menge.txt	26	«	5
deu-x-bible-neue.txt	22	"	5
deu-x-bible-pattloch.txt	23	"	5
deu-x-bible-schlachter.txt	21	!	5
deu-x-bible-schlachter2000.txt	21	!	5
deu-x-bible-tafelbibel.txt	19	.	5
deu-x-bible-textbibel.txt	20	.	5
deu-x-bible-volxbibel.txt	27	“	5
deu-x-bible-zuercher.txt	21	.	5
eng-x-bible-amplified.txt	23	.	5
eng-x-bible-clontz.txt	22	«	5
eng-x-bible-common.txt	22	"	5
eng-x-bible-darby.txt	21	.	5
eng-x-bible-diaglot.txt	19	.	5
eng-x-bible-easytoread.txt	24	”	5
eng-x-bible-etheridge.txt	20	.	5
eng-x-bible-godsword.txt	29	”	5
eng-x-bible-goodnews.txt	24	”	5
eng-x-bible-internationalstandard.txt	22	”	5
eng-x-bible-kingjames.txt	19	.	5
eng-x-bible-lexham.txt	22	”	5
eng-x-bible-literal.txt	19	.	5
eng-x-bible-majority.txt	23	"	5
eng-x-bible-montgomery.txt	23	"	5
eng-x-bible-new2007.txt	22	”	5
eng-x-bible-newcentury.txt	24	”	5
eng-x-bible-newinternational.txt	23	’	5
eng-x-bible-newliving.txt	24	”	5
eng-x-bible-newreaders.txt	26	"	5
eng-x-bible-scriptures.txt	24	”	5
eng-x-bible-treeoflife.txt	23	”	5
isl-x-bible-isl.txt	23	"	5
nds-x-bible-nds.txt	19	.	5
nld-x-bible-1951.txt	22	.	5
nld-x-bible-2004.txt	24	’	5
nld-x-bible-2007.txt	21	’	5
nld-x-bible-statenvertaling.txt	19	.	5
nno-x-bible-2011.txt	22	»	5
nob-x-bible-1985.txt	19	»	5
nob-x-bible-1988.txt	26	”	5
nob-x-bible-2007.txt	19	.	5
nob-x-bible-2011.txt	22	»	5
nor-x-bible-1930.txt	20	.	5
nor-x-bible-student.txt	22	»	5
swe-x-bible-b2000.txt	20	«	5
swe-x-bible-folk1998.txt	19	"	5
swe-x-bible-nyalevande.txt	24	"	5
swg-x-bible-swg.txt	30	.	5
afr-x-bible-1953.txt	12	Ek	6
afr-x-bible-1983.txt	16	Ek	6
afr-x-bible-boodskap.txt	35	Ek	6
afr-x-bible-lewende.txt	11	Ék	6
afr-x-bible-viralmal.txt	16	Ek	6
dan-x-bible-1931.txt	11	jeg	6
dan-x-bible-frederik.txt	11	jeg	6
dan-x-bible-hverdagsdansk.txt	12	jeg	6
deu-x-bible-albrecht.txt	11	ich	6
deu-x-bible-elberfelder1871.txt	11	ich	6
deu-x-bible-elberfelder1905.txt	11	ich	6
deu-x-bible-erben.txt	11	Ich	6
deu-x-bible-freebible.txt	11	ich	6
deu-x-bible-genfer2011.txt	12	Ich	6
deu-x-bible-greber.txt	11	ich	6
deu-x-bible-gruenewalder.txt	11	ich	6
deu-x-bible-hoffnung.txt	10	ich	6
deu-x-bible-hoffnung.txt	21	mich	6
deu-x-bible-interlinear.txt	11	ich	6
deu-x-bible-konkordant.txt	12	Ich	6
deu-x-bible-luther1545.txt	11	ich	6
deu-x-bible-luther1545letztehand.txt	11	ich	6
deu-x-bible-luther1912.txt	11	ich	6
deu-x-bible-meister.txt	11	Ich	6
deu-x-bible-menge.txt	14	ich	6
deu-x-bible-neue.txt	10	ich	6
deu-x-bible-pattloch.txt	19	ich	6
deu-x-bible-schlachter.txt	11	ich	6
deu-x-bible-schlachter2000.txt	11	ich	6
deu-x-bible-tafelbibel.txt	11	Ich	6
deu-x-bible-textbibel.txt	10	ich	6
deu-x-bible-volxbibel.txt	13	ich	6
deu-x-bible-zuercher.txt	10	ich	6
eng-x-bible-amplified.txt	11	I	6
eng-x-bible-clontz.txt	11	I	6
eng-x-bible-common.txt	11	I	6
eng-x-bible-darby.txt	10	*	6
eng-x-bible-darby.txt	11	I	6
eng-x-bible-diaglot.txt	11	I	6
eng-x-bible-easytoread.txt	12	I	6
eng-x-bible-etheridge.txt	10	I	6
eng-x-bible-goodnews.txt	13	I	6
eng-x-bible-internationalstandard.txt	11	I	6
eng-x-bible-kingjames.txt	10	I	6
eng-x-bible-lexham.txt	11	I	6
eng-x-bible-literal.txt	10	I	6
eng-x-bible-livingoracles.txt	12	I	6
eng-x-bible-majority.txt	12	I	6
eng-x-bible-montgomery.txt	10	I	6
eng-x-bible-new2007.txt	11	I	6
eng-x-bible-newcentury.txt	12	I	6
eng-x-bible-newinternational.txt	12	I	6
eng-x-bible-newliving.txt	13	I	6
eng-x-bible-newreaders.txt	12	I	6
eng-x-bible-newsimplified.txt	9	I	6
eng-x-bible-scriptures.txt	12	I	6
eng-x-bible-treeoflife.txt	12	I	6
eng-x-bible-worldwide.txt	11	I	6
isl-x-bible-isl.txt	12	ég	6
nds-x-bible-nds.txt	10	etj	6
nld-x-bible-1951.txt	11	Ik	6
nld-x-bible-2004.txt	11	ik	6
nld-x-bible-2007.txt	9	Ik	6
nld-x-bible-statenvertaling.txt	11	Ik	6
nno-x-bible-2011.txt	12	Eg	6
nob-x-bible-1985.txt	11	jeg	6
nob-x-bible-1988.txt	14	jeg	6
nob-x-bible-2007.txt	11	jeg	6
nob-x-bible-2011.txt	11	jeg	6
nor-x-bible-1930.txt	11	jeg	6
nor-x-bible-student.txt	11	eg	6
swe-x-bible-b2000.txt	10	jag	6
swe-x-bible-folk1998.txt	9	Jag	6
swe-x-bible-nyalevande.txt	13	jag	6
swg-x-bible-swg.txt	17	i	6
swg-x-bible-swg.txt	19	ich	6
afr-x-bible-1953.txt	14	jou	7
afr-x-bible-1983.txt	18	jou	7
afr-x-bible-boodskap.txt	37	jou	7
afr-x-bible-lewende.txt	13	jou	7
afr-x-bible-viralmal.txt	18	jou	7
dan-x-bible-1931.txt	14	dig	7
dan-x-bible-hverdagsdansk.txt	15	dig	7
deu-x-bible-albrecht.txt	13	dich	7
deu-x-bible-elberfelder1871.txt	13	dich	7
deu-x-bible-elberfelder1905.txt	13	dich	7
deu-x-bible-erben.txt	12	dich	7
deu-x-bible-freebible.txt	13	dich	7
deu-x-bible-genfer2011.txt	14	dich	7
deu-x-bible-greber.txt	13	dich	7
deu-x-bible-gruenewalder.txt	13	dich	7
deu-x-bible-hoffnung.txt	12	dich	7
deu-x-bible-interlinear.txt	18	dich	7
deu-x-bible-konkordant.txt	14	dich	7
deu-x-bible-luther1545.txt	13	dich	7
deu-x-bible-luther1545letztehand.txt	13	dich	7
deu-x-bible-luther1912.txt	13	dich	7
deu-x-bible-meister.txt	13	dich	7
deu-x-bible-menge.txt	16	dich	7
deu-x-bible-neue.txt	12	dich	7
deu-x-bible-pattloch.txt	20	dich	7
deu-x-bible-schlachter.txt	13	dich	7
deu-x-bible-schlachter2000.txt	13	dich	7
deu-x-bible-tafelbibel.txt	13	dich	7
deu-x-bible-textbibel.txt	12	dich	7
deu-x-bible-volxbibel.txt	15	dich	7
deu-x-bible-zuercher.txt	12	dich	7
eng-x-bible-amplified.txt	14	you	7
eng-x-bible-clontz.txt	14	you	7
eng-x-bible-common.txt	14	you	7
eng-x-bible-darby.txt	12	*	7
eng-x-bible-darby.txt	15	thee	7
eng-x-bible-easytoread.txt	15	you	7
eng-x-bible-etheridge.txt	12	thee	7
eng-x-bible-godsword.txt	13	you	7
eng-x-bible-goodnews.txt	16	you	7
eng-x-bible-internationalstandard.txt	14	you	7
eng-x-bible-kingjames.txt	13	thee	7
eng-x-bible-lexham.txt	14	you	7
eng-x-bible-literal.txt	13	you	7
eng-x-bible-livingoracles.txt	15	you	7
eng-x-bible-majority.txt	15	you	7
eng-x-bible-montgomery.txt	13	you	7
eng-x-bible-new2007.txt	14	you	7
eng-x-bible-newcentury.txt	15	you	7
eng-x-bible-newinternational.txt	15	you	7
eng-x-bible-newliving.txt	16	you	7
eng-x-bible-newreaders.txt	15	you	7
eng-x-bible-newsimplified.txt	12	you	7
eng-x-bible-scriptures.txt	15	you	7
eng-x-bible-treeoflife.txt	15	you	7
eng-x-bible-worldwide.txt	14	you	7
isl-x-bible-isl.txt	15	þig	7
nds-x-bible-nds.txt	12	die	7
nld-x-bible-1951.txt	13	u	7
nld-x-bible-2004.txt	13	je	7
nld-x-bible-2007.txt	11	u	7
nld-x-bible-statenvertaling.txt	13	u	7
nno-x-bible-2011.txt	15	deg	7
nob-x-bible-1985.txt	14	deg	7
nob-x-bible-1988.txt	17	deg	7
nob-x-bible-2007.txt	14	deg	7
nob-x-bible-2011.txt	14	deg	7
nor-x-bible-1930.txt	14	dig	7
nor-x-bible-student.txt	14	deg	7
swe-x-bible-b2000.txt	13	dig	7
swe-x-bible-folk1998.txt	12	dig	7
swe-x-bible-nyalevande.txt	16	dig	7
swg-x-bible-swg.txt	22	dich	7
afr-x-bible-1953.txt	1	En	8
afr-x-bible-1983.txt	1	Toe	8
afr-x-bible-boodskap.txt	2	Terwyl	8
afr-x-bible-lewende.txt	1	Toe	8
afr-x-bible-viralmal.txt	2	En	8
dan-x-bible-1931.txt	1	Og	8
dan-x-bible-frederik.txt	1	Og	8
dan-x-bible-hverdagsdansk.txt	1	Men	8
deu-x-bible-albrecht.txt	1	Da	8
deu-x-bible-elberfelder1871.txt	1	Und	8
deu-x-bible-elberfelder1905.txt	1	Und	8
deu-x-bible-erben.txt	1	Und	8
deu-x-bible-freebible.txt	1	Und	8
deu-x-bible-genfer2011.txt	1	Aber	8
deu-x-bible-greber.txt	2	aber	8
deu-x-bible-gruenewalder.txt	2	aber	8
deu-x-bible-hoffnung.txt	1	Doch	8
deu-x-bible-interlinear.txt	1	Und	8
deu-x-bible-konkordant.txt	1	Doch	8
deu-x-bible-luther1545.txt	1	Und	8
deu-x-bible-luther1545letztehand.txt	1	Vnd	8
deu-x-bible-luther1912.txt	1	Und	8
deu-x-bible-meister.txt	1	Und	8
deu-x-bible-menge.txt	1	Doch	8
deu-x-bible-neue.txt	1	Doch	8
deu-x-bible-pattloch.txt	2	aber	8
deu-x-bible-schlachter.txt	1	Und	8
deu-x-bible-schlachter2000.txt	1	Und	8
deu-x-bible-tafelbibel.txt	1	Da	8
deu-x-bible-textbibel.txt	1	Und	8
deu-x-bible-volxbibel.txt	1	Doch	8
deu-x-bible-zuercher.txt	1	Und	8
eng-x-bible-amplified.txt	1	And	8
eng-x-bible-clontz.txt	1	And	8
eng-x-bible-common.txt	1	Then	8
eng-x-bible-darby.txt	1	And	8
eng-x-bible-diaglot.txt	1	And	8
eng-x-bible-easytoread.txt	2	But	8
eng-x-bible-etheridge.txt	1	And	8
eng-x-bible-godsword.txt	2	But	8
eng-x-bible-internationalstandard.txt	1	Then	8
eng-x-bible-kingjames.txt	1	And	8
eng-x-bible-lexham.txt	1	And	8
eng-x-bible-literal.txt	1	And	8
eng-x-bible-livingoracles.txt	1	And	8
eng-x-bible-majority.txt	2	Then	8
eng-x-bible-montgomery.txt	1	"	8
eng-x-bible-new2007.txt	1	Then	8
eng-x-bible-newcentury.txt	1	But	8
eng-x-bible-newinternational.txt	2	Then	8
eng-x-bible-newliving.txt	2	But	8
eng-x-bible-newreaders.txt	2	Then	8
eng-x-bible-newsimplified.txt	1	»	8
eng-x-bible-newsimplified.txt	2	The	8
eng-x-bible-scriptures.txt	2	And	8
eng-x-bible-treeoflife.txt	2	And	8
eng-x-bible-worldwide.txt	1	But	8
nds-x-bible-nds.txt	1	En	8
nld-x-bible-1951.txt	1	En	8
nld-x-bible-2004.txt	1	Maar	8
nld-x-bible-2007.txt	1	De	8
nld-x-bible-statenvertaling.txt	1	En	8
nno-x-bible-2011.txt	1	Då	8
nob-x-bible-1985.txt	1	Men	8
nob-x-bible-2007.txt	1	Men	8
nob-x-bible-2011.txt	1	Men	8
nor-x-bible-1930.txt	1	Og	8
nor-x-bible-student.txt	1	Og	8
swe-x-bible-b2000.txt	1	Då	8
swe-x-bible-folk1998.txt	1	Då	8
swe-x-bible-nyalevande.txt	1	Men	8
swg-x-bible-swg.txt	1	Un	8
afr-x-bible-1953.txt	18	die	9
afr-x-bible-1983.txt	24	die	9
afr-x-bible-boodskap.txt	51	wat	9
afr-x-bible-lewende.txt	19	die	9
afr-x-bible-viralmal.txt	22	die	9
dan-x-bible-hverdagsdansk.txt	17	de	9
dan-x-bible-hverdagsdansk.txt	20	der	9
deu-x-bible-albrecht.txt	15	die	9
deu-x-bible-albrecht.txt	18	den	9
deu-x-bible-elberfelder1871.txt	17	den	9
deu-x-bible-elberfelder1905.txt	17	den	9
deu-x-bible-erben.txt	14	die	9
deu-x-bible-freebible.txt	17	den	9
deu-x-bible-greber.txt	17	den	9
deu-x-bible-gruenewalder.txt	15	den	9
deu-x-bible-gruenewalder.txt	18	die	9
deu-x-bible-hoffnung.txt	16	den	9
deu-x-bible-hoffnung.txt	20	die	9
deu-x-bible-konkordant.txt	17	die	9
deu-x-bible-konkordant.txt	21	den	9
deu-x-bible-luther1545.txt	16	die	9
deu-x-bible-luther1545letztehand.txt	16	die	9
deu-x-bible-luther1912.txt	16	die	9
deu-x-bible-meister.txt	16	den	9
deu-x-bible-meister.txt	19	die	9
deu-x-bible-menge.txt	18	die	9
deu-x-bible-menge.txt	21	den	9
deu-x-bible-neue.txt	16	den	9
deu-x-bible-pattloch.txt	13	den	9
deu-x-bible-pattloch.txt	16	der	9
deu-x-bible-schlachter.txt	15	die	9
deu-x-bible-schlachter.txt	18	den	9
deu-x-bible-schlachter2000.txt	15	die	9
deu-x-bible-schlachter2000.txt	18	den	9
deu-x-bible-tafelbibel.txt	16	die	9
deu-x-bible-textbibel.txt	14	den	9
deu-x-bible-textbibel.txt	17	die	9
deu-x-bible-volxbibel.txt	17	den	9
deu-x-bible-volxbibel.txt	21	den	9
deu-x-bible-zuercher.txt	14	die	9
deu-x-bible-zuercher.txt	18	die	9
eng-x-bible-amplified.txt	18	the	9
eng-x-bible-clontz.txt	18	the	9
eng-x-bible-common.txt	18	the	9
eng-x-bible-darby.txt	17	the	9
eng-x-bible-easytoread.txt	19	the	9
eng-x-bible-etheridge.txt	18	the	9
eng-x-bible-godsword.txt	24	who	9
eng-x-bible-goodnews.txt	20	the	9
eng-x-bible-internationalstandard.txt	18	the	9
eng-x-bible-kingjames.txt	17	the	9
eng-x-bible-lexham.txt	18	the	9
eng-x-bible-literal.txt	15	the	9
eng-x-bible-livingoracles.txt	19	the	9
eng-x-bible-majority.txt	19	the	9
eng-x-bible-montgomery.txt	20	the	9
eng-x-bible-new2007.txt	18	the	9
eng-x-bible-newcentury.txt	19	the	9
eng-x-bible-newinternational.txt	19	the	9
eng-x-bible-newliving.txt	20	the	9
eng-x-bible-newreaders.txt	20	who	9
eng-x-bible-newsimplified.txt	16	the	9
eng-x-bible-newsimplified.txt	19	the	9
eng-x-bible-scriptures.txt	20	the	9
eng-x-bible-treeoflife.txt	19	the	9
eng-x-bible-worldwide.txt	18	the	9
eng-x-bible-worldwide.txt	20	who	9
nds-x-bible-nds.txt	16	de	9
nld-x-bible-1951.txt	20	de	9
nld-x-bible-2004.txt	15	de	9
nld-x-bible-statenvertaling.txt	16	de	9
swg-x-bible-swg.txt	24	d	9
swg-x-bible-swg.txt	27	d	9
afr-x-bible-1953.txt	13	sal	10
afr-x-bible-1983.txt	17	wil	10
afr-x-bible-boodskap.txt	50	gaan	10
afr-x-bible-lewende.txt	12	wil	10
afr-x-bible-viralmal.txt	17	sal	10
dan-x-bible-1931.txt	12	vil	10
dan-x-bible-frederik.txt	12	vil	10
dan-x-bible-hverdagsdansk.txt	13	vil	10
deu-x-bible-albrecht.txt	12	will	10
deu-x-bible-elberfelder1871.txt	12	werde	10
deu-x-bible-elberfelder1905.txt	12	werde	10
deu-x-bible-erben.txt	19	will	10
deu-x-bible-freebible.txt	12	werde	10
deu-x-bible-genfer2011.txt	13	werde	10
deu-x-bible-greber.txt	12	will	10
deu-x-bible-gruenewalder.txt	12	will	10
deu-x-bible-hoffnung.txt	11	will	10
deu-x-bible-interlinear.txt	17	will	10
deu-x-bible-konkordant.txt	13	werde	10
deu-x-bible-luther1545.txt	12	will	10
deu-x-bible-luther1545letztehand.txt	12	wil	10
deu-x-bible-luther1912.txt	12	will	10
deu-x-bible-meister.txt	12	werde	10
deu-x-bible-menge.txt	15	will	10
deu-x-bible-neue.txt	11	will	10
deu-x-bible-pattloch.txt	18	will	10
deu-x-bible-schlachter.txt	12	will	10
deu-x-bible-schlachter2000.txt	12	will	10
deu-x-bible-tafelbibel.txt	12	will	10
deu-x-bible-textbibel.txt	11	will	10
deu-x-bible-volxbibel.txt	14	will	10
deu-x-bible-zuercher.txt	11	will	10
eng-x-bible-amplified.txt	12	will	10
eng-x-bible-clontz.txt	12	will	10
eng-x-bible-common.txt	12	will	10
eng-x-bible-darby.txt	13	will	10
eng-x-bible-diaglot.txt	16	will	10
eng-x-bible-easytoread.txt	13	will	10
eng-x-bible-godsword.txt	11	I’ll	10
eng-x-bible-goodnews.txt	14	will	10
eng-x-bible-internationalstandard.txt	12	will	10
eng-x-bible-kingjames.txt	11	will	10
eng-x-bible-lexham.txt	12	will	10
eng-x-bible-literal.txt	11	will	10
eng-x-bible-livingoracles.txt	13	will	10
eng-x-bible-majority.txt	13	will	10
eng-x-bible-montgomery.txt	11	will	10
eng-x-bible-new2007.txt	12	will	10
eng-x-bible-newcentury.txt	13	will	10
eng-x-bible-newinternational.txt	13	will	10
eng-x-bible-newliving.txt	14	will	10
eng-x-bible-newreaders.txt	13	will	10
eng-x-bible-newsimplified.txt	10	will	10
eng-x-bible-scriptures.txt	13	shall	10
eng-x-bible-treeoflife.txt	13	will	10
eng-x-bible-worldwide.txt	12	will	10
isl-x-bible-isl.txt	13	mun	10
nds-x-bible-nds.txt	11	well	10
nld-x-bible-1951.txt	12	zal	10
nld-x-bible-2004.txt	12	wil	10
nld-x-bible-2007.txt	10	zal	10
nld-x-bible-statenvertaling.txt	12	zal	10
nno-x-bible-2011.txt	13	vil	10
nob-x-bible-1985.txt	12	vil	10
nob-x-bible-1988.txt	15	vil	10
nob-x-bible-2007.txt	12	vil	10
nob-x-bible-2011.txt	12	vil	10
nor-x-bible-1930.txt	12	vil	10
nor-x-bible-student.txt	12	vil	10
swe-x-bible-b2000.txt	11	skall	10
swe-x-bible-folk1998.txt	10	skall	10
swe-x-bible-nyalevande.txt	14	ska	10
swg-x-bible-swg.txt	21	will	10
afr-x-bible-1953.txt	8	Gaan	11
afr-x-bible-viralmal.txt	10	Jy	11
dan-x-bible-1931.txt	7	Drag	11
deu-x-bible-albrecht.txt	9	hin	11
deu-x-bible-elberfelder1871.txt	7	Gehe	11
deu-x-bible-elberfelder1905.txt	7	Gehe	11
deu-x-bible-erben.txt	7	Gehe	11
deu-x-bible-freebible.txt	7	Gehe	11
deu-x-bible-gruenewalder.txt	8	Zieh	11
deu-x-bible-hoffnung.txt	7	Geh	11
deu-x-bible-interlinear.txt	7	Geh	11
deu-x-bible-konkordant.txt	7	Geh	11
deu-x-bible-luther1545.txt	7	Gehe	11
deu-x-bible-luther1545letztehand.txt	7	Gehe	11
deu-x-bible-luther1912.txt	7	Gehe	11
deu-x-bible-meister.txt	7	Gehe	11
deu-x-bible-neue.txt	7	Geh	11
deu-x-bible-pattloch.txt	8	Zieh	11
deu-x-bible-schlachter.txt	7	Gehe	11
deu-x-bible-schlachter2000.txt	7	Geh	11
deu-x-bible-tafelbibel.txt	7	Gehe	11
deu-x-bible-textbibel.txt	7	ziehe	11
deu-x-bible-textbibel.txt	8	hin	11
deu-x-bible-zuercher.txt	7	Geh	11
eng-x-bible-amplified.txt	8	Go	11
eng-x-bible-clontz.txt	8	Go	11
eng-x-bible-common.txt	9	Go	11
eng-x-bible-darby.txt	7	Go	11
eng-x-bible-diaglot.txt	7	Go	11
eng-x-bible-etheridge.txt	7	Go	11
eng-x-bible-godsword.txt	9	Go	11
eng-x-bible-goodnews.txt	2	Go	11
eng-x-bible-internationalstandard.txt	8	Go	11
eng-x-bible-kingjames.txt	7	Depart	11
eng-x-bible-lexham.txt	8	Go	11
eng-x-bible-literal.txt	7	Go	11
eng-x-bible-livingoracles.txt	7	Go	11
eng-x-bible-majority.txt	9	Go	11
eng-x-bible-montgomery.txt	2	Depart	11
eng-x-bible-new2007.txt	8	Go	11
eng-x-bible-newinternational.txt	10	Go	11
eng-x-bible-newliving.txt	10	Go	11
eng-x-bible-newreaders.txt	10	Go	11
eng-x-bible-newsimplified.txt	7	Go	11
eng-x-bible-scriptures.txt	9	Go	11
eng-x-bible-treeoflife.txt	9	Go	11
eng-x-bible-worldwide.txt	9	Go	11
isl-x-bible-isl.txt	7	Far	11
nds-x-bible-nds.txt	7	Goh	11
nld-x-bible-1951.txt	7	Ga	11
nld-x-bible-2004.txt	8	Ga	11
nld-x-bible-2007.txt	6	Ga	11
nld-x-bible-statenvertaling.txt	7	Ga	11
nob-x-bible-2007.txt	7	Dra	11
nor-x-bible-1930.txt	7	Dra	11
nor-x-bible-student.txt	8	Gakk	11
swe-x-bible-b2000.txt	8	Gå	11
swe-x-bible-folk1998.txt	7	Gå	11
swg-x-bible-swg.txt	13	Gang	11
afr-x-bible-1953.txt	17	na	12
afr-x-bible-1983.txt	23	na	12
afr-x-bible-1983.txt	26	toe	12
afr-x-bible-boodskap.txt	47	na	12
afr-x-bible-boodskap.txt	49	toe	12
afr-x-bible-lewende.txt	18	na	12
afr-x-bible-lewende.txt	23	toe	12
afr-x-bible-viralmal.txt	21	na	12
afr-x-bible-viralmal.txt	24	toe	12
dan-x-bible-1931.txt	17	til	12
dan-x-bible-frederik.txt	17	til	12
dan-x-bible-hverdagsdansk.txt	16	til	12
deu-x-bible-albrecht.txt	17	zu	12
deu-x-bible-elberfelder1871.txt	16	zu	12
deu-x-bible-elberfelder1905.txt	16	zu	12
deu-x-bible-freebible.txt	16	zu	12
deu-x-bible-genfer2011.txt	15	zu	12
deu-x-bible-greber.txt	16	zu	12
deu-x-bible-gruenewalder.txt	14	zu	12
deu-x-bible-hoffnung.txt	15	zu	12
deu-x-bible-interlinear.txt	12	zu	12
deu-x-bible-konkordant.txt	20	zu	12
deu-x-bible-meister.txt	15	zu	12
deu-x-bible-menge.txt	20	zu	12
deu-x-bible-neue.txt	15	zu	12
deu-x-bible-pattloch.txt	12	zu	12
deu-x-bible-schlachter.txt	17	zu	12
deu-x-bible-schlachter2000.txt	17	zu	12
deu-x-bible-textbibel.txt	13	zu	12
eng-x-bible-clontz.txt	17	to	12
eng-x-bible-common.txt	17	to	12
eng-x-bible-darby.txt	16	to	12
eng-x-bible-diaglot.txt	12	to	12
eng-x-bible-easytoread.txt	18	to	12
eng-x-bible-etheridge.txt	15	to	12
eng-x-bible-etheridge.txt	17	to	12
eng-x-bible-godsword.txt	22	to	12
eng-x-bible-goodnews.txt	19	to	12
eng-x-bible-internationalstandard.txt	17	to	12
eng-x-bible-kingjames.txt	16	unto	12
eng-x-bible-lexham.txt	17	to	12
eng-x-bible-literal.txt	14	to	12
eng-x-bible-livingoracles.txt	18	to	12
eng-x-bible-majority.txt	18	to	12
eng-x-bible-montgomery.txt	19	to	12
eng-x-bible-new2007.txt	17	to	12
eng-x-bible-newcentury.txt	18	to	12
eng-x-bible-newinternational.txt	18	to	12
eng-x-bible-newliving.txt	19	to	12
eng-x-bible-newreaders.txt	18	to	12
eng-x-bible-newsimplified.txt	15	to	12
eng-x-bible-scriptures.txt	19	to	12
eng-x-bible-treeoflife.txt	18	to	12
eng-x-bible-worldwide.txt	17	to	12
isl-x-bible-isl.txt	16	til	12
nds-x-bible-nds.txt	15	no	12
nld-x-bible-1951.txt	19	naar	12
nld-x-bible-2004.txt	14	naar	12
nld-x-bible-2007.txt	16	naar	12
nld-x-bible-statenvertaling.txt	15	tot	12
nno-x-bible-2011.txt	16	til	12
nob-x-bible-1985.txt	16	til	12
nob-x-bible-1988.txt	21	til	12
nob-x-bible-2007.txt	15	til	12
nob-x-bible-2011.txt	16	til	12
nor-x-bible-1930.txt	16	til	12
nor-x-bible-student.txt	16	til	12
swe-x-bible-b2000.txt	14	till	12
swe-x-bible-folk1998.txt	14	till	12
swe-x-bible-nyalevande.txt	19	till	12
swg-x-bible-swg.txt	26	zue	12
afr-x-bible-1983.txt	21	stuur	13
afr-x-bible-boodskap.txt	36	stuur	13
afr-x-bible-lewende.txt	16	stuur	13
dan-x-bible-1931.txt	13	sende	13
dan-x-bible-frederik.txt	13	udsende	13
dan-x-bible-hverdagsdansk.txt	14	sende	13
deu-x-bible-albrecht.txt	20	senden	13
deu-x-bible-elberfelder1871.txt	19	senden	13
deu-x-bible-elberfelder1905.txt	19	senden	13
deu-x-bible-erben.txt	18	senden	13
deu-x-bible-freebible.txt	19	senden	13
deu-x-bible-genfer2011.txt	22	senden	13
deu-x-bible-greber.txt	19	senden	13
deu-x-bible-gruenewalder.txt	20	senden	13
deu-x-bible-hoffnung.txt	18	senden	13
deu-x-bible-interlinear.txt	16	aussenden	13
deu-x-bible-luther1545.txt	18	senden	13
deu-x-bible-luther1545letztehand.txt	18	senden	13
deu-x-bible-luther1912.txt	18	senden	13
deu-x-bible-meister.txt	14	aussenden	13
deu-x-bible-menge.txt	23	senden	13
deu-x-bible-neue.txt	19	senden	13
deu-x-bible-pattloch.txt	21	senden	13
deu-x-bible-schlachter.txt	20	senden	13
deu-x-bible-schlachter2000.txt	20	senden	13
deu-x-bible-tafelbibel.txt	18	senden	13
deu-x-bible-textbibel.txt	19	senden	13
deu-x-bible-zuercher.txt	20	senden	13
eng-x-bible-amplified.txt	13	send	13
eng-x-bible-clontz.txt	13	send	13
eng-x-bible-common.txt	13	send	13
eng-x-bible-darby.txt	14	send	13
eng-x-bible-diaglot.txt	17	send	13
eng-x-bible-easytoread.txt	14	send	13
eng-x-bible-etheridge.txt	11	send	13
eng-x-bible-godsword.txt	12	send	13
eng-x-bible-goodnews.txt	15	send	13
eng-x-bible-internationalstandard.txt	13	send	13
eng-x-bible-kingjames.txt	12	send	13
eng-x-bible-lexham.txt	13	send	13
eng-x-bible-literal.txt	12	send	13
eng-x-bible-livingoracles.txt	14	send	13
eng-x-bible-majority.txt	14	send	13
eng-x-bible-montgomery.txt	12	send	13
eng-x-bible-new2007.txt	13	send	13
eng-x-bible-newcentury.txt	14	send	13
eng-x-bible-newinternational.txt	14	send	13
eng-x-bible-newliving.txt	15	send	13
eng-x-bible-newreaders.txt	14	send	13
eng-x-bible-newsimplified.txt	11	send	13
eng-x-bible-scriptures.txt	14	send	13
eng-x-bible-treeoflife.txt	14	send	13
eng-x-bible-worldwide.txt	13	send	13
isl-x-bible-isl.txt	14	senda	13
nds-x-bible-nds.txt	18	schetje	13
nld-x-bible-1951.txt	14	uitzenden	13
nld-x-bible-2004.txt	17	sturen	13
nld-x-bible-2007.txt	14	sturen	13
nno-x-bible-2011.txt	14	senda	13
nob-x-bible-1985.txt	13	sende	13
nob-x-bible-1988.txt	16	sende	13
nob-x-bible-2007.txt	13	sende	13
nob-x-bible-2011.txt	13	sende	13
nor-x-bible-1930.txt	13	sende	13
nor-x-bible-student.txt	13	senda	13
swe-x-bible-b2000.txt	12	sända	13
swe-x-bible-folk1998.txt	11	sända	13
swe-x-bible-nyalevande.txt	15	sända	13
swg-x-bible-swg.txt	29	schicke	13
afr-x-bible-1953.txt	5	my	14
afr-x-bible-1983.txt	6	my	14
afr-x-bible-boodskap.txt	14	ek	14
afr-x-bible-boodskap.txt	24	my	14
afr-x-bible-lewende.txt	6	my	14
afr-x-bible-viralmal.txt	6	my	14
dan-x-bible-1931.txt	5	mig	14
dan-x-bible-frederik.txt	5	mig	14
dan-x-bible-hverdagsdansk.txt	5	mig	14
deu-x-bible-albrecht.txt	5	mir	14
deu-x-bible-elberfelder1871.txt	5	mir	14
deu-x-bible-elberfelder1905.txt	5	mir	14
deu-x-bible-erben.txt	5	mir	14
deu-x-bible-freebible.txt	5	mir	14
deu-x-bible-gruenewalder.txt	5	mir	14
deu-x-bible-interlinear.txt	5	mir	14
deu-x-bible-konkordant.txt	5	mir	14
deu-x-bible-luther1545.txt	5	mir	14
deu-x-bible-luther1545letztehand.txt	5	mir	14
deu-x-bible-luther1912.txt	5	mir	14
deu-x-bible-meister.txt	5	mir	14
deu-x-bible-menge.txt	4	mir	14
deu-x-bible-neue.txt	4	mir	14
deu-x-bible-pattloch.txt	5	mir	14
deu-x-bible-schlachter.txt	5	mir	14
deu-x-bible-schlachter2000.txt	5	mir	14
deu-x-bible-tafelbibel.txt	5	mir	14
deu-x-bible-textbibel.txt	5	mir	14
deu-x-bible-zuercher.txt	5	mir	14
eng-x-bible-amplified.txt	6	me	14
eng-x-bible-clontz.txt	5	me	14
eng-x-bible-common.txt	6	me	14
eng-x-bible-darby.txt	5	me	14
eng-x-bible-diaglot.txt	5	me	14
eng-x-bible-easytoread.txt	6	me	14
eng-x-bible-etheridge.txt	5	me	14
eng-x-bible-godsword.txt	6	me	14
eng-x-bible-goodnews.txt	9	me	14
eng-x-bible-internationalstandard.txt	5	me	14
eng-x-bible-kingjames.txt	5	me	14
eng-x-bible-lexham.txt	5	me	14
eng-x-bible-literal.txt	5	me	14
eng-x-bible-livingoracles.txt	5	me	14
eng-x-bible-majority.txt	6	me	14
eng-x-bible-montgomery.txt	7	me	14
eng-x-bible-new2007.txt	5	me	14
eng-x-bible-newcentury.txt	6	me	14
eng-x-bible-newinternational.txt	7	me	14
eng-x-bible-newliving.txt	7	me	14
eng-x-bible-newreaders.txt	7	me	14
eng-x-bible-scriptures.txt	6	me	14
eng-x-bible-treeoflife.txt	6	me	14
eng-x-bible-worldwide.txt	6	me	14
isl-x-bible-isl.txt	4	mig	14
nds-x-bible-nds.txt	5	mie	14
nld-x-bible-1951.txt	5	mij	14
nld-x-bible-2004.txt	5	mij	14
nld-x-bible-statenvertaling.txt	5	mij	14
nno-x-bible-2011.txt	5	meg	14
nob-x-bible-1988.txt	5	meg	14
nob-x-bible-2007.txt	5	meg	14
nor-x-bible-1930.txt	5	mig	14
nor-x-bible-student.txt	5	meg	14
swe-x-bible-b2000.txt	5	mig	14
swe-x-bible-folk1998.txt	5	mig	14
swe-x-bible-nyalevande.txt	6	mig	14
swg-x-bible-swg.txt	8	ma	14
swg-x-bible-swg.txt	10	mir	14
afr-x-bible-1953.txt	4	vir	15
afr-x-bible-1983.txt	5	vir	15
afr-x-bible-boodskap.txt	8	vir	15
afr-x-bible-boodskap.txt	11	te	15
afr-x-bible-lewende.txt	5	vir	15
afr-x-bible-viralmal.txt	5	vir	15
dan-x-bible-1931.txt	4	til	15
dan-x-bible-frederik.txt	4	til	15
dan-x-bible-hverdagsdansk.txt	4	til	15
deu-x-bible-albrecht.txt	4	zu	15
deu-x-bible-elberfelder1871.txt	4	zu	15
deu-x-bible-elberfelder1905.txt	4	zu	15
deu-x-bible-erben.txt	4	zu	15
deu-x-bible-freebible.txt	4	zu	15
deu-x-bible-gruenewalder.txt	4	zu	15
deu-x-bible-interlinear.txt	4	zu	15
deu-x-bible-konkordant.txt	4	zu	15
deu-x-bible-luther1545.txt	4	zu	15
deu-x-bible-luther1545letztehand.txt	4	zu	15
deu-x-bible-luther1912.txt	4	zu	15
deu-x-bible-meister.txt	4	zu	15
deu-x-bible-pattloch.txt	4	zu	15
deu-x-bible-schlachter.txt	4	zu	15
deu-x-bible-schlachter2000.txt	4	zu	15
deu-x-bible-tafelbibel.txt	4	zu	15
deu-x-bible-textbibel.txt	4	zu	15
deu-x-bible-zuercher.txt	4	zu	15
eng-x-bible-amplified.txt	5	to	15
eng-x-bible-clontz.txt	4	to	15
eng-x-bible-common.txt	5	to	15
eng-x-bible-darby.txt	4	to	15
eng-x-bible-diaglot.txt	4	to	15
eng-x-bible-easytoread.txt	5	to	15
eng-x-bible-etheridge.txt	4	to	15
eng-x-bible-goodnews.txt	8	to	15
eng-x-bible-internationalstandard.txt	4	to	15
eng-x-bible-kingjames.txt	4	unto	15
eng-x-bible-lexham.txt	4	to	15
eng-x-bible-literal.txt	4	to	15
eng-x-bible-livingoracles.txt	4	to	15
eng-x-bible-majority.txt	5	to	15
eng-x-bible-montgomery.txt	6	to	15
eng-x-bible-new2007.txt	4	to	15
eng-x-bible-newcentury.txt	5	to	15
eng-x-bible-newinternational.txt	6	to	15
eng-x-bible-newliving.txt	6	to	15
eng-x-bible-newreaders.txt	6	to	15
eng-x-bible-scriptures.txt	5	to	15
eng-x-bible-treeoflife.txt	5	to	15
eng-x-bible-worldwide.txt	5	to	15
isl-x-bible-isl.txt	3	við	15
nds-x-bible-nds.txt	4	too	15
nld-x-bible-1951.txt	4	tot	15
nld-x-bible-2004.txt	4	tegen	15
nld-x-bible-statenvertaling.txt	4	tot	15
nno-x-bible-2011.txt	4	til	15
nob-x-bible-1988.txt	4	til	15
nob-x-bible-2007.txt	4	til	15
nor-x-bible-1930.txt	4	til	15
nor-x-bible-student.txt	4	til	15
swe-x-bible-b2000.txt	4	till	15
swe-x-bible-folk1998.txt	4	till	15
swe-x-bible-nyalevande.txt	5	till	15
swg-x-bible-swg.txt	7	zue	15
afr-x-bible-1953.txt	11	want	16
afr-x-bible-1983.txt	15	want	16
afr-x-bible-viralmal.txt	15	want	16
dan-x-bible-1931.txt	10	thi	16
dan-x-bible-frederik.txt	10	thi	16
dan-x-bible-hverdagsdansk.txt	11	For	16
deu-x-bible-elberfelder1871.txt	10	denn	16
deu-x-bible-elberfelder1905.txt	10	denn	16
deu-x-bible-erben.txt	10	weil	16
deu-x-bible-freebible.txt	10	denn	16
deu-x-bible-greber.txt	10	Denn	16
deu-x-bible-hoffnung.txt	9	denn	16
deu-x-bible-interlinear.txt	10	weil	16
deu-x-bible-konkordant.txt	10	denn	16
deu-x-bible-luther1545.txt	10	denn	16
deu-x-bible-luther1545letztehand.txt	10	denn	16
deu-x-bible-luther1912.txt	10	denn	16
deu-x-bible-meister.txt	10	denn	16
deu-x-bible-menge.txt	13	denn	16
deu-x-bible-neue.txt	9	denn	16
deu-x-bible-pattloch.txt	11	denn	16
deu-x-bible-schlachter.txt	10	denn	16
deu-x-bible-schlachter2000.txt	10	denn	16
deu-x-bible-tafelbibel.txt	10	denn	16
deu-x-bible-zuercher.txt	9	denn	16
eng-x-bible-amplified.txt	10	for	16
eng-x-bible-clontz.txt	10	for	16
eng-x-bible-darby.txt	9	for	16
eng-x-bible-diaglot.txt	10	for	16
eng-x-bible-etheridge.txt	9	for	16
eng-x-bible-goodnews.txt	12	for	16
eng-x-bible-internationalstandard.txt	10	because	16
eng-x-bible-kingjames.txt	9	for	16
eng-x-bible-lexham.txt	10	because	16
eng-x-bible-literal.txt	9	for	16
eng-x-bible-livingoracles.txt	11	for	16
eng-x-bible-majority.txt	11	for	16
eng-x-bible-montgomery.txt	9	for	16
eng-x-bible-new2007.txt	10	because	16
eng-x-bible-newliving.txt	12	for	16
eng-x-bible-scriptures.txt	11	because	16
eng-x-bible-treeoflife.txt	11	For	16
isl-x-bible-isl.txt	10	því	16
nds-x-bible-nds.txt	9	wiel	16
nld-x-bible-1951.txt	10	want	16
nld-x-bible-2004.txt	10	want	16
nld-x-bible-statenvertaling.txt	10	want	16
nob-x-bible-1985.txt	10	for	16
nob-x-bible-1988.txt	13	for	16
nob-x-bible-2007.txt	10	For	16
nob-x-bible-2011.txt	10	for	16
nor-x-bible-1930.txt	10	for	16
nor-x-bible-student.txt	10	for	16
swe-x-bible-nyalevande.txt	12	för	16
swg-x-bible-swg.txt	16	denn	16
afr-x-bible-1953.txt	2	Hy	17
dan-x-bible-1931.txt	2	han	17
dan-x-bible-frederik.txt	2	han	17
deu-x-bible-albrecht.txt	3	er	17
deu-x-bible-elberfelder1871.txt	2	er	17
deu-x-bible-elberfelder1905.txt	2	er	17
deu-x-bible-erben.txt	2	er	17
deu-x-bible-freebible.txt	2	er	17
deu-x-bible-genfer2011.txt	2	Jesus	17
deu-x-bible-greber.txt	1	Er	17
deu-x-bible-gruenewalder.txt	1	Er	17
deu-x-bible-interlinear.txt	2	er	17
deu-x-bible-konkordant.txt	2	Er	17
deu-x-bible-luther1545.txt	2	er	17
deu-x-bible-luther1545letztehand.txt	2	er	17
deu-x-bible-luther1912.txt	2	er	17
deu-x-bible-meister.txt	2	Er	17
deu-x-bible-menge.txt	2	er	17
deu-x-bible-neue.txt	2	er	17
deu-x-bible-pattloch.txt	1	Er	17
deu-x-bible-schlachter.txt	2	er	17
deu-x-bible-schlachter2000.txt	2	er	17
deu-x-bible-tafelbibel.txt	3	Er	17
deu-x-bible-textbibel.txt	2	er	17
deu-x-bible-zuercher.txt	2	er	17
eng-x-bible-clontz.txt	2	he	17
eng-x-bible-darby.txt	2	he	17
eng-x-bible-diaglot.txt	2	he	17
eng-x-bible-easytoread.txt	3	Jesus	17
eng-x-bible-etheridge.txt	2	he	17
eng-x-bible-internationalstandard.txt	2	he	17
eng-x-bible-kingjames.txt	2	he	17
eng-x-bible-lexham.txt	2	he	17
eng-x-bible-literal.txt	2	He	17
eng-x-bible-livingoracles.txt	2	he	17
eng-x-bible-majority.txt	3	He	17
eng-x-bible-montgomery.txt	4	he	17
eng-x-bible-new2007.txt	2	he	17
eng-x-bible-scriptures.txt	3	He	17
eng-x-bible-treeoflife.txt	3	he	17
isl-x-bible-isl.txt	1	Hann	17
nds-x-bible-nds.txt	2	hee	17
nld-x-bible-1951.txt	2	Hij	17
nld-x-bible-2004.txt	2	hij	17
nld-x-bible-statenvertaling.txt	2	Hij	17
nob-x-bible-1988.txt	2	Jesus	17
nob-x-bible-2007.txt	2	han	17
nor-x-bible-1930.txt	2	han	17
nor-x-bible-student.txt	2	han	17
swe-x-bible-b2000.txt	3	han	17
swe-x-bible-folk1998.txt	3	han	17
swe-x-bible-nyalevande.txt	3	Jesus	17
swg-x-bible-swg.txt	2	na	17
swg-x-bible-swg.txt	4	er	17
afr-x-bible-1953.txt	16	wegstuur	18
afr-x-bible-1983.txt	20	weg	18
afr-x-bible-boodskap.txt	39	weg	18
afr-x-bible-lewende.txt	15	weg	18
dan-x-bible-1931.txt	16	bort	18
dan-x-bible-frederik.txt	16	bort	18
deu-x-bible-elberfelder1871.txt	15	weg	18
deu-x-bible-elberfelder1905.txt	15	weg	18
deu-x-bible-freebible.txt	15	weg	18
deu-x-bible-greber.txt	15	weg	18
deu-x-bible-hoffnung.txt	14	weg	18
deu-x-bible-interlinear.txt	15	fort	18
deu-x-bible-neue.txt	14	weg	18
eng-x-bible-amplified.txt	16	away	18
eng-x-bible-clontz.txt	16	away	18
eng-x-bible-common.txt	16	away	18
eng-x-bible-darby.txt	20	off	18
eng-x-bible-easytoread.txt	17	away	18
eng-x-bible-etheridge.txt	14	away	18
eng-x-bible-godsword.txt	21	away	18
eng-x-bible-goodnews.txt	18	away	18
eng-x-bible-internationalstandard.txt	16	away	18
eng-x-bible-lexham.txt	16	away	18
eng-x-bible-literal.txt	18	off	18
eng-x-bible-livingoracles.txt	17	off	18
eng-x-bible-majority.txt	17	away	18
eng-x-bible-new2007.txt	16	away	18
eng-x-bible-newcentury.txt	17	away	18
eng-x-bible-newinternational.txt	17	away	18
eng-x-bible-newliving.txt	18	away	18
eng-x-bible-newreaders.txt	17	away	18
eng-x-bible-newsimplified.txt	14	away	18
eng-x-bible-scriptures.txt	17	from	18
eng-x-bible-treeoflife.txt	17	away	18
eng-x-bible-worldwide.txt	16	away	18
nds-x-bible-nds.txt	14	wajch	18
nld-x-bible-1951.txt	17	weg	18
nld-x-bible-2007.txt	13	weg	18
nob-x-bible-1988.txt	20	sted	18
swe-x-bible-nyalevande.txt	18	bort	18
afr-x-bible-1983.txt	27	.	19
afr-x-bible-boodskap.txt	59	.	19
afr-x-bible-lewende.txt	24	.	19
afr-x-bible-viralmal.txt	25	.	19
dan-x-bible-1931.txt	19	.	19
deu-x-bible-albrecht.txt	22	.	19
deu-x-bible-albrecht.txt	23	.	19
deu-x-bible-genfer2011.txt	23	.	19
deu-x-bible-greber.txt	20	.	19
deu-x-bible-gruenewalder.txt	21	.	19
deu-x-bible-hoffnung.txt	24	.	19
deu-x-bible-meister.txt	21	.	19
deu-x-bible-menge.txt	24	!	19
deu-x-bible-neue.txt	20	!	19
deu-x-bible-pattloch.txt	22	.	19
deu-x-bible-volxbibel.txt	25	.	19
eng-x-bible-clontz.txt	20	.	19
eng-x-bible-common.txt	20	.	19
eng-x-bible-easytoread.txt	22	.	19
eng-x-bible-godsword.txt	27	.	19
eng-x-bible-goodnews.txt	22	.	19
eng-x-bible-internationalstandard.txt	20	.	19
eng-x-bible-lexham.txt	20	!	19
eng-x-bible-majority.txt	21	.	19
eng-x-bible-new2007.txt	20	.	19
eng-x-bible-newcentury.txt	22	.	19
eng-x-bible-newinternational.txt	21	.	19
eng-x-bible-newliving.txt	22	!	19
eng-x-bible-newreaders.txt	24	.	19
eng-x-bible-newsimplified.txt	21	.	19
eng-x-bible-scriptures.txt	22	.	19
eng-x-bible-treeoflife.txt	21	.	19
eng-x-bible-worldwide.txt	24	.	19
isl-x-bible-isl.txt	21	.	19
nld-x-bible-2004.txt	22	.	19
nld-x-bible-2007.txt	19	.	19
nno-x-bible-2011.txt	20	.	19
nob-x-bible-1985.txt	18	.	19
nob-x-bible-1988.txt	24	!	19
nob-x-bible-2011.txt	20	.	19
nor-x-bible-student.txt	20	.	19
swe-x-bible-b2000.txt	18	.	19
swe-x-bible-folk1998.txt	18	.	19
swe-x-bible-nyalevande.txt	22	!	19
afr-x-bible-1983.txt	28	’	20
afr-x-bible-boodskap.txt	60	'	20
afr-x-bible-lewende.txt	25	'	20
afr-x-bible-viralmal.txt	26	’	20
deu-x-bible-albrecht.txt	24	'	20
deu-x-bible-genfer2011.txt	24	‹	20
deu-x-bible-gruenewalder.txt	22	"	20
deu-x-bible-hoffnung.txt	25	‹	20
deu-x-bible-konkordant.txt	26	!	20
deu-x-bible-meister.txt	22	'	20
deu-x-bible-menge.txt	25	‹	20
deu-x-bible-neue.txt	21	'	20
deu-x-bible-volxbibel.txt	26	‘	20
eng-x-bible-clontz.txt	21	’	20
eng-x-bible-common.txt	21	’	20
eng-x-bible-diaglot.txt	18	thee	20
eng-x-bible-easytoread.txt	23	’	20
eng-x-bible-godsword.txt	28	’	20
eng-x-bible-goodnews.txt	23	’	20
eng-x-bible-internationalstandard.txt	21	’	20
eng-x-bible-lexham.txt	21	’	20
eng-x-bible-majority.txt	22	'	20
eng-x-bible-montgomery.txt	22	.	20
eng-x-bible-new2007.txt	21	’	20
eng-x-bible-newcentury.txt	23	’	20
eng-x-bible-newinternational.txt	22	”	20
eng-x-bible-newliving.txt	23	’	20
eng-x-bible-newreaders.txt	25	'	20
eng-x-bible-newsimplified.txt	22	’	20
eng-x-bible-scriptures.txt	23	’	20
eng-x-bible-treeoflife.txt	22	’	20
eng-x-bible-worldwide.txt	25	"	20
isl-x-bible-isl.txt	22	`	20
nld-x-bible-2004.txt	23	”	20
nld-x-bible-2007.txt	20	”	20
nno-x-bible-2011.txt	21	’	20
nob-x-bible-1988.txt	25	’	20
nob-x-bible-2011.txt	21	’	20
nor-x-bible-student.txt	21	»	20
swe-x-bible-b2000.txt	19	’	20
swe-x-bible-nyalevande.txt	23	'	20
afr-x-bible-1953.txt	9	heen	21
afr-x-bible-1983.txt	13	weggaan	21
afr-x-bible-boodskap.txt	33	pad	21
afr-x-bible-viralmal.txt	13	gaan	21
dan-x-bible-1931.txt	8	ud	21
dan-x-bible-frederik.txt	8	hen	21
dan-x-bible-hverdagsdansk.txt	9	sted	21
deu-x-bible-elberfelder1871.txt	8	hin	21
deu-x-bible-elberfelder1905.txt	8	hin	21
deu-x-bible-erben.txt	8	hin	21
deu-x-bible-freebible.txt	8	hin	21
deu-x-bible-genfer2011.txt	10	Weg	21
deu-x-bible-greber.txt	8	fort	21
deu-x-bible-gruenewalder.txt	9	fort	21
deu-x-bible-luther1545.txt	8	hin	21
deu-x-bible-luther1545letztehand.txt	8	hin	21
deu-x-bible-luther1912.txt	8	hin	21
deu-x-bible-meister.txt	8	hin	21
deu-x-bible-menge.txt	11	Weg	21
deu-x-bible-pattloch.txt	9	fort	21
deu-x-bible-schlachter.txt	8	hin	21
deu-x-bible-schlachter2000.txt	8	hin	21
deu-x-bible-tafelbibel.txt	8	hin	21
deu-x-bible-volxbibel.txt	11	Weg	21
eng-x-bible-livingoracles.txt	9	way	21
nld-x-bible-1951.txt	8	heen	21
nld-x-bible-statenvertaling.txt	8	heen	21
nno-x-bible-2011.txt	10	veg	21
nob-x-bible-1985.txt	7	bort	21
nob-x-bible-1988.txt	9	bort	21
nob-x-bible-2007.txt	8	ut	21
nob-x-bible-2011.txt	7	bort	21
nor-x-bible-1930.txt	8	ut	21
swg-x-bible-swg.txt	14	hi	21
afr-x-bible-1983.txt	4	Here	22
afr-x-bible-boodskap.txt	10	Here	22
afr-x-bible-lewende.txt	4	Here	22
dan-x-bible-hverdagsdansk.txt	2	Herren	22
deu-x-bible-hoffnung.txt	3	Herr	22
deu-x-bible-volxbibel.txt	2	Gott	22
eng-x-bible-amplified.txt	3	Lord	22
eng-x-bible-common.txt	3	Lord	22
eng-x-bible-godsword.txt	4	Lord	22
eng-x-bible-goodnews.txt	6	Lord	22
eng-x-bible-newcentury.txt	3	Lord	22
eng-x-bible-newinternational.txt	4	Lord	22
eng-x-bible-newliving.txt	4	Lord	22
eng-x-bible-newreaders.txt	4	Lord	22
eng-x-bible-newsimplified.txt	3	Lord	22
eng-x-bible-worldwide.txt	3	Lord	22
nld-x-bible-2007.txt	2	Here	22
nno-x-bible-2011.txt	3	Herren	22
nob-x-bible-1985.txt	2	Herren	22
nob-x-bible-1988.txt	1	Herren	22
nob-x-bible-2011.txt	2	Herren	22
swe-x-bible-nyalevande.txt	2	Herren	22
deu-x-bible-albrecht.txt	10	,	23
deu-x-bible-interlinear.txt	8	,	23
deu-x-bible-neue.txt	8	,	23
deu-x-bible-schlachter.txt	9	,	23
deu-x-bible-schlachter2000.txt	9	,	23
deu-x-bible-zuercher.txt	8	,	23
eng-x-bible-amplified.txt	9	,	23
eng-x-bible-darby.txt	8	,	23
eng-x-bible-goodnews.txt	10	,	23
eng-x-bible-internationalstandard.txt	9	,	23
eng-x-bible-lexham.txt	9	,	23
eng-x-bible-literal.txt	8	,	23
eng-x-bible-new2007.txt	9	,	23
eng-x-bible-scriptures.txt	10	,	23
isl-x-bible-isl.txt	9	,	23
nds-x-bible-nds.txt	8	,	23
nld-x-bible-1951.txt	9	,	23
nld-x-bible-2004.txt	9	,	23
nob-x-bible-2011.txt	9	,	23
dan-x-bible-1931.txt	9	;	24
dan-x-bible-frederik.txt	9	;	24
deu-x-bible-gruenewalder.txt	10	;	24
deu-x-bible-luther1545.txt	9	;	24
deu-x-bible-luther1912.txt	9	;	24
deu-x-bible-meister.txt	9	;	24
deu-x-bible-pattloch.txt	10	;	24
deu-x-bible-tafelbibel.txt	9	;	24
eng-x-bible-clontz.txt	9	;	24
eng-x-bible-diaglot.txt	9	;	24
eng-x-bible-easytoread.txt	11	.	24
eng-x-bible-etheridge.txt	8	:	24
eng-x-bible-kingjames.txt	8	:	24
eng-x-bible-newinternational.txt	11	;	24
eng-x-bible-newreaders.txt	11	.	24
nld-x-bible-statenvertaling.txt	9	;	24
swg-x-bible-swg.txt	15	;	24
afr-x-bible-boodskap.txt	29	!	25
afr-x-bible-lewende.txt	10	!	25
dan-x-bible-hverdagsdansk.txt	10	!	25
deu-x-bible-genfer2011.txt	11	!	25
deu-x-bible-greber.txt	9	.	25
deu-x-bible-interlinear.txt	9	.	25
eng-x-bible-common.txt	10	!	25
eng-x-bible-godsword.txt	10	!	25
eng-x-bible-livingoracles.txt	8	your	25
eng-x-bible-newcentury.txt	11	.	25
eng-x-bible-newsimplified.txt	8	!	25
eng-x-bible-treeoflife.txt	10	!	25
eng-x-bible-worldwide.txt	10	!	25
nld-x-bible-2007.txt	8	!	25
nno-x-bible-2011.txt	11	!	25
nob-x-bible-2007.txt	9	!	25
nor-x-bible-1930.txt	9	!	25
nor-x-bible-student.txt	9	!	25
swe-x-bible-folk1998.txt	8	!	25
deu-x-bible-albrecht.txt	14	in	26
deu-x-bible-genfer2011.txt	18	in	26
deu-x-bible-gruenewalder.txt	17	in	26
deu-x-bible-konkordant.txt	16	in	26
deu-x-bible-meister.txt	18	in	26
deu-x-bible-menge.txt	17	in	26
deu-x-bible-pattloch.txt	15	in	26
deu-x-bible-schlachter.txt	14	in	26
deu-x-bible-schlachter2000.txt	14	in	26
deu-x-bible-textbibel.txt	16	in	26
deu-x-bible-zuercher.txt	17	in	26
isl-x-bible-isl.txt	19	í	26
nno-x-bible-2011.txt	9	i	26
swg-x-bible-swg.txt	23	in	26
afr-x-bible-1953.txt	10	,	27
afr-x-bible-1983.txt	14	,	27
deu-x-bible-elberfelder1871.txt	9	,	27
deu-x-bible-elberfelder1905.txt	9	,	27
deu-x-bible-erben.txt	9	,	27
deu-x-bible-freebible.txt	9	,	27
deu-x-bible-menge.txt	12	,	27
deu-x-bible-textbibel.txt	9	,	27
eng-x-bible-majority.txt	10	,	27
eng-x-bible-newliving.txt	11	,	27
nob-x-bible-1985.txt	9	,	27
nob-x-bible-1988.txt	12	,	27
swe-x-bible-b2000.txt	9	,	27
swe-x-bible-nyalevande.txt	11	,	27
afr-x-bible-1983.txt	3	die	28
afr-x-bible-lewende.txt	3	die	28
deu-x-bible-hoffnung.txt	2	der	28
eng-x-bible-amplified.txt	2	the	28
eng-x-bible-common.txt	2	the	28
eng-x-bible-godsword.txt	3	the	28
eng-x-bible-goodnews.txt	5	the	28
eng-x-bible-newcentury.txt	2	the	28
eng-x-bible-newinternational.txt	3	the	28
eng-x-bible-newliving.txt	3	the	28
eng-x-bible-newreaders.txt	3	the	28
eng-x-bible-worldwide.txt	2	the	28
eng-x-bible-clontz.txt	6	,	29
eng-x-bible-common.txt	7	,	29
eng-x-bible-darby.txt	6	,	29
eng-x-bible-easytoread.txt	7	,	29
eng-x-bible-etheridge.txt	6	,	29
eng-x-bible-godsword.txt	7	,	29
eng-x-bible-internationalstandard.txt	6	,	29
eng-x-bible-lexham.txt	6	,	29
eng-x-bible-literal.txt	6	,	29
eng-x-bible-majority.txt	7	,	29
eng-x-bible-montgomery.txt	8	,	29
eng-x-bible-new2007.txt	6	,	29
eng-x-bible-newcentury.txt	7	,	29
eng-x-bible-newinternational.txt	8	,	29
eng-x-bible-newliving.txt	8	,	29
eng-x-bible-scriptures.txt	7	,	29
eng-x-bible-treeoflife.txt	7	,	29
deu-x-bible-erben.txt	13	unter	30
deu-x-bible-luther1545.txt	15	unter	30
deu-x-bible-luther1545letztehand.txt	15	vnter	30
deu-x-bible-luther1912.txt	15	unter	30
deu-x-bible-tafelbibel.txt	15	unter	30
deu-x-bible-volxbibel.txt	16	bei	30
deu-x-bible-zuercher.txt	13	unter	30
eng-x-bible-newsimplified.txt	18	of	30
nld-x-bible-2004.txt	20	van	30
nob-x-bible-1988.txt	19	av	30
afr-x-bible-boodskap.txt	42	uit	31
deu-x-bible-erben.txt	17	hinaus	31
deu-x-bible-zuercher.txt	16	hinaus	31
eng-x-bible-godsword.txt	19	go	31
eng-x-bible-montgomery.txt	14	forth	31
nob-x-bible-1985.txt	15	ut	31
nob-x-bible-2011.txt	15	ut	31
nor-x-bible-1930.txt	15	ut	31
nor-x-bible-student.txt	15	ut	31
swe-x-bible-folk1998.txt	13	ut	31
afr-x-bible-boodskap.txt	1	"	32
afr-x-bible-viralmal.txt	1	“	32
eng-x-bible-easytoread.txt	1	“	32
eng-x-bible-godsword.txt	1	“	32
eng-x-bible-majority.txt	1	"	32
eng-x-bible-newinternational.txt	1	‘	32
eng-x-bible-newliving.txt	1	“	32
eng-x-bible-newreaders.txt	1	"	32
eng-x-bible-scriptures.txt	1	“	32
eng-x-bible-treeoflife.txt	1	“	32
afr-x-bible-boodskap.txt	31	nou	33
afr-x-bible-viralmal.txt	12	nou	33
eng-x-bible-easytoread.txt	10	now	33
eng-x-bible-newcentury.txt	10	now	33
nld-x-bible-2007.txt	7	nu	33
afr-x-bible-1983.txt	12	hiervandaan	34
eng-x-bible-kingjames.txt	15	hence	34
eng-x-bible-montgomery.txt	17	hence	34
eng-x-bible-scriptures.txt	18	here	34
nld-x-bible-2004.txt	21	hier	34
nob-x-bible-1985.txt	8	herfra	34
nob-x-bible-2011.txt	8	herfra	34
afr-x-bible-1983.txt	11	moet	35
afr-x-bible-boodskap.txt	30	Gee	35
afr-x-bible-viralmal.txt	11	moet	35
dan-x-bible-hverdagsdansk.txt	7	Tag	35
deu-x-bible-genfer2011.txt	9	den	35
deu-x-bible-menge.txt	10	den	35
deu-x-bible-volxbibel.txt	10	den	35
nno-x-bible-2011.txt	8	Ta	35
deu-x-bible-genfer2011.txt	16	anderen	36
deu-x-bible-neue.txt	17	anderen	36
eng-x-bible-newcentury.txt	20	other	36
nob-x-bible-1988.txt	22	andre	36
swe-x-bible-nyalevande.txt	20	andra	36
afr-x-bible-1983.txt	10	Jy	37
afr-x-bible-boodskap.txt	44	Jy	37
deu-x-bible-genfer2011.txt	7	dich	37
deu-x-bible-greber.txt	7	dich	37
deu-x-bible-menge.txt	8	dich	37
deu-x-bible-volxbibel.txt	7	Mach	37
deu-x-bible-volxbibel.txt	8	dich	37
eng-x-bible-diaglot.txt	8	thou	37
isl-x-bible-isl.txt	8	þú	37
afr-x-bible-boodskap.txt	52	nie	38
deu-x-bible-hoffnung.txt	22	nicht	38
eng-x-bible-newreaders.txt	22	not	38
eng-x-bible-worldwide.txt	22	not	38
afr-x-bible-boodskap.txt	48	mense	39
afr-x-bible-boodskap.txt	56	volk	39
eng-x-bible-easytoread.txt	21	people	39
eng-x-bible-etheridge.txt	16	preach	39
eng-x-bible-godsword.txt	23	people	39
eng-x-bible-newreaders.txt	19	people	39
eng-x-bible-newsimplified.txt	17	people	39
eng-x-bible-worldwide.txt	19	people	39
dan-x-bible-hverdagsdansk.txt	21	er	40
eng-x-bible-godsword.txt	25	aren’t	40
eng-x-bible-newreaders.txt	21	are	40
eng-x-bible-worldwide.txt	21	are	40
afr-x-bible-1983.txt	22	,	41
nld-x-bible-2004.txt	18	,	41
nld-x-bible-2007.txt	15	,	41
deu-x-bible-genfer2011.txt	8	auf	42
deu-x-bible-menge.txt	9	auf	42
deu-x-bible-volxbibel.txt	9	auf	42
eng-x-bible-godsword.txt	14	on	42
eng-x-bible-easytoread.txt	9	Leave	43
eng-x-bible-newcentury.txt	9	Leave	43
nob-x-bible-1985.txt	6	Dra	43
nob-x-bible-2011.txt	6	Dra	43
swe-x-bible-nyalevande.txt	9	Lämna	43
afr-x-bible-lewende.txt	17	,	44
eng-x-bible-montgomery.txt	15	,	44
eng-x-bible-goodnews.txt	3	,	45
eng-x-bible-montgomery.txt	3	,	45
afr-x-bible-boodskap.txt	17	Jerusalem	46
nob-x-bible-1988.txt	11	Jerusalem	46
swe-x-bible-nyalevande.txt	10	Jerusalem	46
afr-x-bible-1953.txt	3	het	47
afr-x-bible-1983.txt	2	het	47
afr-x-bible-viralmal.txt	4	het	47
deu-x-bible-greber.txt	6	Mache	48
deu-x-bible-menge.txt	7	Mache	48
eng-x-bible-livingoracles.txt	20	Gentiles-	49
nld-x-bible-statenvertaling.txt	18	afzenden	49
